3 10000 0.0 50 0
3 10000 0.0 100 0
3 10000 0.0 220 0
3 10000 0.0 335 0
3 10000 0.0 495 0
3 10000 0.0 50 1
3 10000 0.0 100 1
3 10000 0.0 220 1
3 10000 0.0 335 1
3 10000 0.0 495 1
3 10000 0.0 50 2
3 10000 0.0 100 2
3 10000 0.0 220 2
3 10000 0.0 335 2
3 10000 0.0 495 2
3 10000 0.0 50 3
3 10000 0.0 100 3
3 10000 0.0 220 3
3 10000 0.0 335 3
3 10000 0.0 495 3
3 10000 0.0 50 4
3 10000 0.0 100 4
3 10000 0.0 220 4
3 10000 0.0 335 4
3 10000 0.0 495 4
3 10000 0.0 50 5
3 10000 0.0 100 5
3 10000 0.0 220 5
3 10000 0.0 335 5
3 10000 0.0 495 5
3 10000 0.0 50 6
3 10000 0.0 100 6
3 10000 0.0 220 6
3 10000 0.0 335 6
3 10000 0.0 495 6
3 10000 0.0 50 7
3 10000 0.0 100 7
3 10000 0.0 220 7
3 10000 0.0 335 7
3 10000 0.0 495 7
3 10000 0.0 50 8
3 10000 0.0 100 8
3 10000 0.0 220 8
3 10000 0.0 335 8
3 10000 0.0 495 8
3 10000 0.0 50 9
3 10000 0.0 100 9
3 10000 0.0 220 9
3 10000 0.0 335 9
3 10000 0.0 495 9
