2000 10 5 50 5 0 synthv09082026_n100_N5_m5000 40 2e-3 0.95 5000 0 1 fs0.2ss-0.01ns0.2 1.0 0.0 1 0 0 1
2000 11 5 50 5 0 synthv09082026_n100_N5_m5000 40 2e-3 0.95 5000 0 1 fs0.2ss-0.01ns0.2 1.0 0.0 1 0 0 1
2000 12 5 50 5 0 synthv09082026_n100_N5_m5000 40 2e-3 0.95 5000 0 1 fs0.2ss-0.01ns0.2 1.0 0.0 1 0 0 1
2000 13 5 50 5 0 synthv09082026_n100_N5_m5000 40 2e-3 0.95 5000 0 1 fs0.2ss-0.01ns0.2 1.0 0.0 1 0 0 1
2000 14 5 50 5 0 synthv09082026_n100_N5_m5000 40 2e-3 0.95 5000 0 1 fs0.2ss-0.01ns0.2 1.0 0.0 1 0 0 1
2000 15 5 50 5 0 synthv09082026_n100_N5_m5000 40 2e-3 0.95 5000 0 1 fs0.2ss-0.01ns0.2 1.0 0.0 1 0 0 1
2000 16 5 50 5 0 synthv09082026_n100_N5_m5000 40 2e-3 0.95 5000 0 1 fs0.2ss-0.01ns0.2 1.0 0.0 1 0 0 1
2000 17 5 50 5 0 synthv09082026_n100_N5_m5000 40 2e-3 0.95 5000 0 1 fs0.2ss-0.01ns0.2 1.0 0.0 1 0 0 1
2000 18 5 50 5 0 synthv09082026_n100_N5_m5000 40 2e-3 0.95 5000 0 1 fs0.2ss-0.01ns0.2 1.0 0.0 1 0 0 1
2000 19 5 50 5 0 synthv09082026_n100_N5_m5000 40 2e-3 0.95 5000 0 1 fs0.2ss-0.01ns0.2 1.0 0.0 1 0 0 1
2000 10 5 50 5 0 synthv09082026_n100_N5_m5000 40 2e-3 0.95 5000 0 1 fs-0.2ss-0.01ns0.2 1.0 0.0 1 0 0 1
2000 11 5 50 5 0 synthv09082026_n100_N5_m5000 40 2e-3 0.95 5000 0 1 fs-0.2ss-0.01ns0.2 1.0 0.0 1 0 0 1
2000 12 5 50 5 0 synthv09082026_n100_N5_m5000 40 2e-3 0.95 5000 0 1 fs-0.2ss-0.01ns0.2 1.0 0.0 1 0 0 1
2000 13 5 50 5 0 synthv09082026_n100_N5_m5000 40 2e-3 0.95 5000 0 1 fs-0.2ss-0.01ns0.2 1.0 0.0 1 0 0 1
2000 14 5 50 5 0 synthv09082026_n100_N5_m5000 40 2e-3 0.95 5000 0 1 fs-0.2ss-0.01ns0.2 1.0 0.0 1 0 0 1
2000 15 5 50 5 0 synthv09082026_n100_N5_m5000 40 2e-3 0.95 5000 0 1 fs-0.2ss-0.01ns0.2 1.0 0.0 1 0 0 1
2000 16 5 50 5 0 synthv09082026_n100_N5_m5000 40 2e-3 0.95 5000 0 1 fs-0.2ss-0.01ns0.2 1.0 0.0 1 0 0 1
2000 17 5 50 5 0 synthv09082026_n100_N5_m5000 40 2e-3 0.95 5000 0 1 fs-0.2ss-0.01ns0.2 1.0 0.0 1 0 0 1
2000 18 5 50 5 0 synthv09082026_n100_N5_m5000 40 2e-3 0.95 5000 0 1 fs-0.2ss-0.01ns0.2 1.0 0.0 1 0 0 1
2000 19 5 50 5 0 synthv09082026_n100_N5_m5000 40 2e-3 0.95 5000 0 1 fs-0.2ss-0.01ns0.2 1.0 0.0 1 0 0 1
2000 10 5 50 5 0 synthv09082026_n100_N5_m5000 40 2e-3 0.95 5000 0 1 fs0.2ss-0.5ns0.2 1.0 0.0 1 0 0 1
2000 11 5 50 5 0 synthv09082026_n100_N5_m5000 40 2e-3 0.95 5000 0 1 fs0.2ss-0.5ns0.2 1.0 0.0 1 0 0 1
2000 12 5 50 5 0 synthv09082026_n100_N5_m5000 40 2e-3 0.95 5000 0 1 fs0.2ss-0.5ns0.2 1.0 0.0 1 0 0 1
2000 13 5 50 5 0 synthv09082026_n100_N5_m5000 40 2e-3 0.95 5000 0 1 fs0.2ss-0.5ns0.2 1.0 0.0 1 0 0 1
2000 14 5 50 5 0 synthv09082026_n100_N5_m5000 40 2e-3 0.95 5000 0 1 fs0.2ss-0.5ns0.2 1.0 0.0 1 0 0 1
2000 15 5 50 5 0 synthv09082026_n100_N5_m5000 40 2e-3 0.95 5000 0 1 fs0.2ss-0.5ns0.2 1.0 0.0 1 0 0 1
2000 16 5 50 5 0 synthv09082026_n100_N5_m5000 40 2e-3 0.95 5000 0 1 fs0.2ss-0.5ns0.2 1.0 0.0 1 0 0 1
2000 17 5 50 5 0 synthv09082026_n100_N5_m5000 40 2e-3 0.95 5000 0 1 fs0.2ss-0.5ns0.2 1.0 0.0 1 0 0 1
2000 18 5 50 5 0 synthv09082026_n100_N5_m5000 40 2e-3 0.95 5000 0 1 fs0.2ss-0.5ns0.2 1.0 0.0 1 0 0 1
2000 19 5 50 5 0 synthv09082026_n100_N5_m5000 40 2e-3 0.95 5000 0 1 fs0.2ss-0.5ns0.2 1.0 0.0 1 0 0 1
2000 10 5 50 5 0 synthv09082026_n100_N5_m5000 40 2e-3 0.95 5000 0 1 fs-0.2ss-0.5ns0.2 1.0 0.0 1 0 0 1
2000 11 5 50 5 0 synthv09082026_n100_N5_m5000 40 2e-3 0.95 5000 0 1 fs-0.2ss-0.5ns0.2 1.0 0.0 1 0 0 1
2000 12 5 50 5 0 synthv09082026_n100_N5_m5000 40 2e-3 0.95 5000 0 1 fs-0.2ss-0.5ns0.2 1.0 0.0 1 0 0 1
2000 13 5 50 5 0 synthv09082026_n100_N5_m5000 40 2e-3 0.95 5000 0 1 fs-0.2ss-0.5ns0.2 1.0 0.0 1 0 0 1
2000 14 5 50 5 0 synthv09082026_n100_N5_m5000 40 2e-3 0.95 5000 0 1 fs-0.2ss-0.5ns0.2 1.0 0.0 1 0 0 1
2000 15 5 50 5 0 synthv09082026_n100_N5_m5000 40 2e-3 0.95 5000 0 1 fs-0.2ss-0.5ns0.2 1.0 0.0 1 0 0 1
2000 16 5 50 5 0 synthv09082026_n100_N5_m5000 40 2e-3 0.95 5000 0 1 fs-0.2ss-0.5ns0.2 1.0 0.0 1 0 0 1
2000 17 5 50 5 0 synthv09082026_n100_N5_m5000 40 2e-3 0.95 5000 0 1 fs-0.2ss-0.5ns0.2 1.0 0.0 1 0 0 1
2000 18 5 50 5 0 synthv09082026_n100_N5_m5000 40 2e-3 0.95 5000 0 1 fs-0.2ss-0.5ns0.2 1.0 0.0 1 0 0 1
2000 19 5 50 5 0 synthv09082026_n100_N5_m5000 40 2e-3 0.95 5000 0 1 fs-0.2ss-0.5ns0.2 1.0 0.0 1 0 0 1
