2000 1 5 50 5 0 synthv09082026_n100_N5_m5000 40 2e-3 0.95 5000 0 1 fs0.2ss-0.01ns0.2 1.0 0.0 1 0 0 1
2000 2 5 50 5 0 synthv09082026_n100_N5_m5000 40 2e-3 0.95 5000 0 1 fs0.2ss-0.01ns0.2 1.0 0.0 1 0 0 1
2000 3 5 50 5 0 synthv09082026_n100_N5_m5000 40 2e-3 0.95 5000 0 1 fs0.2ss-0.01ns0.2 1.0 0.0 1 0 0 1
2000 4 5 50 5 0 synthv09082026_n100_N5_m5000 40 2e-3 0.95 5000 0 1 fs0.2ss-0.01ns0.2 1.0 0.0 1 0 0 1
2000 5 5 50 5 0 synthv09082026_n100_N5_m5000 40 2e-3 0.95 5000 0 1 fs0.2ss-0.01ns0.2 1.0 0.0 1 0 0 1
2000 6 5 50 5 0 synthv09082026_n100_N5_m5000 40 2e-3 0.95 5000 0 1 fs0.2ss-0.01ns0.2 1.0 0.0 1 0 0 1
2000 7 5 50 5 0 synthv09082026_n100_N5_m5000 40 2e-3 0.95 5000 0 1 fs0.2ss-0.01ns0.2 1.0 0.0 1 0 0 1
2000 8 5 50 5 0 synthv09082026_n100_N5_m5000 40 2e-3 0.95 5000 0 1 fs0.2ss-0.01ns0.2 1.0 0.0 1 0 0 1
2000 9 5 50 5 0 synthv09082026_n100_N5_m5000 40 2e-3 0.95 5000 0 1 fs0.2ss-0.01ns0.2 1.0 0.0 1 0 0 1
2000 1 5 50 5 0 synthv09082026_n100_N5_m5000 40 2e-3 0.95 5000 0 1 fs-0.2ss-0.01ns0.2 1.0 0.0 1 0 0 1
2000 2 5 50 5 0 synthv09082026_n100_N5_m5000 40 2e-3 0.95 5000 0 1 fs-0.2ss-0.01ns0.2 1.0 0.0 1 0 0 1
2000 3 5 50 5 0 synthv09082026_n100_N5_m5000 40 2e-3 0.95 5000 0 1 fs-0.2ss-0.01ns0.2 1.0 0.0 1 0 0 1
2000 4 5 50 5 0 synthv09082026_n100_N5_m5000 40 2e-3 0.95 5000 0 1 fs-0.2ss-0.01ns0.2 1.0 0.0 1 0 0 1
2000 5 5 50 5 0 synthv09082026_n100_N5_m5000 40 2e-3 0.95 5000 0 1 fs-0.2ss-0.01ns0.2 1.0 0.0 1 0 0 1
2000 6 5 50 5 0 synthv09082026_n100_N5_m5000 40 2e-3 0.95 5000 0 1 fs-0.2ss-0.01ns0.2 1.0 0.0 1 0 0 1
2000 7 5 50 5 0 synthv09082026_n100_N5_m5000 40 2e-3 0.95 5000 0 1 fs-0.2ss-0.01ns0.2 1.0 0.0 1 0 0 1
2000 8 5 50 5 0 synthv09082026_n100_N5_m5000 40 2e-3 0.95 5000 0 1 fs-0.2ss-0.01ns0.2 1.0 0.0 1 0 0 1
2000 9 5 50 5 0 synthv09082026_n100_N5_m5000 40 2e-3 0.95 5000 0 1 fs-0.2ss-0.01ns0.2 1.0 0.0 1 0 0 1
2000 1 5 50 5 0 synthv09082026_n100_N5_m5000 40 2e-3 0.95 5000 0 1 fs0.2ss-0.5ns0.2 1.0 0.0 1 0 0 1
2000 2 5 50 5 0 synthv09082026_n100_N5_m5000 40 2e-3 0.95 5000 0 1 fs0.2ss-0.5ns0.2 1.0 0.0 1 0 0 1
2000 3 5 50 5 0 synthv09082026_n100_N5_m5000 40 2e-3 0.95 5000 0 1 fs0.2ss-0.5ns0.2 1.0 0.0 1 0 0 1
2000 4 5 50 5 0 synthv09082026_n100_N5_m5000 40 2e-3 0.95 5000 0 1 fs0.2ss-0.5ns0.2 1.0 0.0 1 0 0 1
2000 5 5 50 5 0 synthv09082026_n100_N5_m5000 40 2e-3 0.95 5000 0 1 fs0.2ss-0.5ns0.2 1.0 0.0 1 0 0 1
2000 6 5 50 5 0 synthv09082026_n100_N5_m5000 40 2e-3 0.95 5000 0 1 fs0.2ss-0.5ns0.2 1.0 0.0 1 0 0 1
2000 7 5 50 5 0 synthv09082026_n100_N5_m5000 40 2e-3 0.95 5000 0 1 fs0.2ss-0.5ns0.2 1.0 0.0 1 0 0 1
2000 8 5 50 5 0 synthv09082026_n100_N5_m5000 40 2e-3 0.95 5000 0 1 fs0.2ss-0.5ns0.2 1.0 0.0 1 0 0 1
2000 9 5 50 5 0 synthv09082026_n100_N5_m5000 40 2e-3 0.95 5000 0 1 fs0.2ss-0.5ns0.2 1.0 0.0 1 0 0 1
2000 1 5 50 5 0 synthv09082026_n100_N5_m5000 40 2e-3 0.95 5000 0 1 fs-0.2ss-0.5ns0.2 1.0 0.0 1 0 0 1
2000 2 5 50 5 0 synthv09082026_n100_N5_m5000 40 2e-3 0.95 5000 0 1 fs-0.2ss-0.5ns0.2 1.0 0.0 1 0 0 1
2000 3 5 50 5 0 synthv09082026_n100_N5_m5000 40 2e-3 0.95 5000 0 1 fs-0.2ss-0.5ns0.2 1.0 0.0 1 0 0 1
2000 4 5 50 5 0 synthv09082026_n100_N5_m5000 40 2e-3 0.95 5000 0 1 fs-0.2ss-0.5ns0.2 1.0 0.0 1 0 0 1
2000 5 5 50 5 0 synthv09082026_n100_N5_m5000 40 2e-3 0.95 5000 0 1 fs-0.2ss-0.5ns0.2 1.0 0.0 1 0 0 1
2000 6 5 50 5 0 synthv09082026_n100_N5_m5000 40 2e-3 0.95 5000 0 1 fs-0.2ss-0.5ns0.2 1.0 0.0 1 0 0 1
2000 7 5 50 5 0 synthv09082026_n100_N5_m5000 40 2e-3 0.95 5000 0 1 fs-0.2ss-0.5ns0.2 1.0 0.0 1 0 0 1
2000 8 5 50 5 0 synthv09082026_n100_N5_m5000 40 2e-3 0.95 5000 0 1 fs-0.2ss-0.5ns0.2 1.0 0.0 1 0 0 1
2000 9 5 50 5 0 synthv09082026_n100_N5_m5000 40 2e-3 0.95 5000 0 1 fs-0.2ss-0.5ns0.2 1.0 0.0 1 0 0 1
