1.861450180176405240e+02
1.814469635275897872e+02
1.736766912381699797e+02
1.640832379562690164e+02
1.612103034513560544e+02
1.501880505213243282e+02
1.405002988456889170e+02
1.332186896569845089e+02
1.198796324937615623e+02
1.118108898441913226e+02
9.935197776563161653e+01
9.060389291802223966e+01
8.028751224271971410e+01
6.962374813793859119e+01
6.049196641216029491e+01
5.122739309465860202e+01
4.465686430404971929e+01
3.673205086972465239e+01
3.075264101313432974e+01
2.538430927886318855e+01
7.005687958774017200e-11
5.965580022471079581e-11
5.163293038072217982e-11
4.320063025254919981e-11
3.332691187710828111e-11
2.688440143473001129e-11
2.013311760780009908e-11
1.524578993419010036e-11
9.933732687768510438e-12
6.668409509145870240e-12
4.219060525091371851e-12
2.396938418985485334e-12
1.204267731692708215e-12
6.239565197407395326e-13
2.418618848470023323e-13
1.084943005974530290e-13
7.954897834642765466e-14
7.707655561591035246e-14
7.620094338303844947e-14
7.464660918720026564e-14
7.133049194231232843e-14
6.620312987242094887e-14
6.449247784644372541e-14
5.769248122426399793e-14
5.195290147849973517e-14
5.098746030355620267e-14
4.761558219352712820e-14
4.562566814193288361e-14
4.339460633049614379e-14
4.032752377445894427e-14
3.852807264787075006e-14
3.762866894631257494e-14
3.702197331169614181e-14
3.615282951637340870e-14
3.463054726065083464e-14
3.324928448954022481e-14
3.290556219296466016e-14
3.139894969736139951e-14
3.128976189120871979e-14
3.104383769375405771e-14
3.070849690889042937e-14
3.020110706672832041e-14
2.990075754116879841e-14
2.916151597403899518e-14
2.838792376547109207e-14
2.831869078120151574e-14
2.741076224569176249e-14
2.698200878387567070e-14
2.685910520487528227e-14
2.634703854088733533e-14
2.576362383149363677e-14
2.482322532592183220e-14
2.474105821779585249e-14
2.468709755297728451e-14
2.395690099541487443e-14
2.382519165068516101e-14
2.370467082845396134e-14
2.336374580201187163e-14
2.269904705370486006e-14
2.249361179289499523e-14
2.249044202274208672e-14
2.212825274257280525e-14
2.188183814272345170e-14
2.154808647964118277e-14
2.135071460729777368e-14
2.118613382438057092e-14
2.065265904859674739e-14
2.058207531825014974e-14
2.019880150982703564e-14
1.984783072209813451e-14
1.966028541650982442e-14
1.938618479661614537e-14
1.920365870068103661e-14
1.903027978317970791e-14
1.893564037864589985e-14
1.864775596068674587e-14
1.839480919502097479e-14
1.829789802331355792e-14
1.795483393794907761e-14
1.789390127123584813e-14
1.773186245730265394e-14
1.762445650145435725e-14
1.757425879720534462e-14
1.717932880589277208e-14
1.697070700421730854e-14
1.682537491686205233e-14
1.657660340019342217e-14
1.645001839026116041e-14
1.633981289191021744e-14
1.624140907233994362e-14
1.601957713670824871e-14
1.583234197938899415e-14
1.577410621260972162e-14
1.571641694970335482e-14
1.554782428231789846e-14
1.553873708233648873e-14
1.533014396703003053e-14
1.520002942481510156e-14
1.517840673810509088e-14
1.500171732386746556e-14
1.485934656352591813e-14
1.477306832277108492e-14
1.458398132136555504e-14
1.451243538348499149e-14
1.445890145709665232e-14
1.437692089405554807e-14
1.426163244231289613e-14
1.420276822719910889e-14
1.412484068386885477e-14
1.403973470629749692e-14
1.395042165641288508e-14
1.392276983836628845e-14
1.371620107288903712e-14
1.362157157381566409e-14
1.347189542626491667e-14
1.340768984881890875e-14
1.337878609650158778e-14
1.324648876607171866e-14
1.307806838359053061e-14
1.298954274475687578e-14
1.292613472834711711e-14
1.282151107116422002e-14
1.275622617005930194e-14
1.273262246245603575e-14
1.248737666896614374e-14
1.243950662944451480e-14
1.236990442588450486e-14
1.223849251041272901e-14
1.220104600633124977e-14
1.209094219255734940e-14
1.202530327132366776e-14
1.192600953852299836e-14
1.183632090434114066e-14
1.177688050261829688e-14
1.174884932067694454e-14
1.165765724887526883e-14
1.162434710372785704e-14
1.158234967033456480e-14
1.137421462070031585e-14
1.118309798708437975e-14
1.112854914349234709e-14
1.101768249364188438e-14
1.098561202931946259e-14
1.093711158678192048e-14
1.087689486799802784e-14
1.075328410430753112e-14
1.061048182532677544e-14
1.052745906248656713e-14
1.047221148523823476e-14
1.045036829193373371e-14
1.040191521340896389e-14
1.029017521603988313e-14
1.020117925363462374e-14
1.001673700141179605e-14
9.901488038529985558e-15
9.873220801036357121e-15
9.688419560844458088e-15
9.559538534649587388e-15
9.457530642813926362e-15
9.396626976057616704e-15
9.300929793159710065e-15
9.244677507648428349e-15
9.069538659862394748e-15
9.051395050537950698e-15
8.867707519868116988e-15
8.842150920749966266e-15
8.737322152938439184e-15
8.577489453399625035e-15
8.433431828414060547e-15
8.329275775491660222e-15
8.266704022509092875e-15
7.984418223028863795e-15
7.913017539533782213e-15
7.806885640179843849e-15
7.687533054447865155e-15
7.431825732895546187e-15
6.977796912163315023e-15
6.671117246545641128e-15
6.305810044700418828e-15
6.097485140255166223e-15
2.408786726409141878e-15
