4.793555415704191773e+02
4.208504749452449687e+02
3.566717411343846038e+02
2.848213400890838329e+02
2.040378137829785317e+02
1.712877257593177660e+02
1.325822276699431654e+02
1.148071125139812807e+02
9.350897501153916380e+01
8.309332070657299596e+01
7.283679490270755252e+01
6.529933996091092752e+01
5.595175160351256949e+01
5.126113253233518918e+01
4.674435555832218370e+01
4.256719612119555762e+01
3.815705964475323242e+01
3.476829554825533108e+01
3.229711381843245022e+01
2.966658801349014851e+01
2.710643423216907877e+01
2.550575588418141493e+01
2.365673038795720728e+01
2.159599940358636161e+01
2.036316028459781080e+01
1.879619112078432508e+01
1.740436469470937553e+01
1.626091813759349236e+01
1.524105599680976120e+01
1.434687015482953854e+01
1.316161580487357341e+01
1.226195484958171811e+01
1.156059896280168253e+01
1.071056332009982093e+01
1.012543724335076334e+01
9.405201709442369662e+00
8.957539353850792807e+00
8.306200457849929109e+00
7.978648860418636524e+00
7.253978589150980483e+00
7.012909742077731323e+00
6.473286830130440705e+00
6.148136011537816970e+00
5.903683350033475996e+00
5.409781063873085216e+00
5.073911221251175441e+00
4.859711368810586407e+00
4.458617236225817848e+00
4.219341267407281215e+00
4.009460930489897379e+00
3.768273687937084837e+00
3.612482150393121927e+00
3.367043847099239429e+00
3.155164951392050554e+00
2.964727329658551902e+00
2.761993430268758765e+00
2.658110458746047122e+00
2.485261813719703561e+00
2.361715317921771362e+00
2.206289269451268353e+00
2.103771937595117159e+00
1.995282582914337688e+00
1.902696467554071180e+00
1.780433880212783260e+00
1.672100418033708458e+00
1.588566011723663518e+00
1.469398301435578480e+00
1.400943330903673179e+00
1.308857450193156913e+00
1.237511557249924454e+00
1.172284650879239054e+00
1.114946073131888316e+00
1.050879717217216180e+00
9.896396055256704294e-01
9.286371569562036354e-01
8.888512930897621844e-01
8.455462740118288023e-01
8.071089489175872211e-01
7.284556882716397563e-01
7.134052907394109466e-01
6.860924805125843129e-01
6.456565185455198641e-01
6.098122407725047323e-01
5.832381024410765447e-01
5.643187167457965892e-01
5.345125619193054067e-01
5.086502432080242109e-01
4.876771105856175237e-01
4.667404548327854785e-01
4.555154523334778438e-01
4.362290682915276330e-01
4.131003814140940533e-01
3.705752525219298543e-01
3.346980746390245121e-01
3.304367878274958592e-01
3.192383178924994569e-01
2.372422490843705822e-01
2.318223091278311943e-01
2.176828417726088816e-01
1.952704784577217745e-01
1.491615457228681450e-13
1.361476118171720126e-13
1.304464916134998234e-13
1.213222290915866787e-13
1.157124330582968498e-13
1.053659302096797689e-13
1.019060491744711069e-13
9.716869156248606649e-14
9.541641364779919090e-14
8.807866420779315940e-14
8.575019783242767027e-14
8.211496454600655953e-14
8.092879340490778604e-14
7.632394490442197853e-14
7.565795207692958208e-14
7.478982122024489387e-14
7.433068841122891077e-14
7.297875203607937321e-14
7.061231903399492627e-14
6.977936690959117666e-14
6.860247113237093176e-14
6.761485697023832723e-14
6.682067841050288507e-14
6.607579757308914638e-14
6.314775064790043776e-14
6.163923906733947143e-14
6.104581154072535679e-14
5.912288026199318047e-14
5.856534718683179250e-14
5.753285244408072660e-14
5.564585083917672328e-14
5.438738308925432931e-14
5.361373364495900184e-14
5.265449448030211498e-14
5.204803647956850869e-14
5.150242585108981305e-14
5.091605823239753486e-14
4.976499569202238915e-14
4.945672859861890684e-14
4.902881262678847897e-14
4.790408741024138260e-14
4.686522697792694714e-14
4.605743509716773625e-14
4.570355778299359805e-14
4.528965094328400749e-14
4.462745762550572694e-14
4.397158725608493615e-14
4.363760094338164196e-14
4.314892196832150071e-14
4.172401194578482882e-14
4.150013921737100749e-14
4.099200655384955040e-14
4.076763316254289272e-14
3.993670298459989384e-14
3.911366682279674796e-14
3.872424873938276358e-14
3.864861639990704174e-14
3.749517464750892299e-14
3.712664360833428419e-14
3.637522691097606843e-14
3.579618437295677710e-14
3.536181341510783688e-14
3.469638224726347895e-14
3.452686236942399338e-14
3.359636255510715830e-14
3.349815962015414585e-14
3.268302359687149526e-14
3.248623121102870372e-14
3.193225788347739976e-14
3.148313528590854205e-14
3.118538162646366674e-14
3.058203381532256343e-14
3.015702099516697199e-14
3.009595699314694581e-14
2.935611492153763463e-14
2.825951659964387619e-14
2.783825553082845668e-14
2.764547497245398203e-14
2.734929227271542126e-14
2.715636428245705184e-14
2.660146171565817924e-14
2.589497108000574468e-14
2.533529445715070455e-14
2.482556794463867842e-14
2.412185837807130664e-14
2.368498707673643003e-14
2.356272800511638198e-14
2.280423594592245440e-14
2.252125976892052933e-14
2.176902852644718320e-14
2.037716349488360923e-14
1.940911751075877275e-14
1.895141586591821887e-14
1.861120024102993120e-14
1.745072291815114350e-14
1.345382701443064762e-14
1.151148498761705842e-14
6.365571936455439162e-15
1.965077339495589774e-15
4.586397348684046044e-28
