2.572820461144261230e+02
2.240173218491559339e+02
2.222113917994352619e+02
1.890683438943750616e+02
1.721395276894037636e+02
1.697963817192118654e+02
1.511087066514728292e+02
1.443836210955520016e+02
1.276578035749993631e+02
1.206429292889772569e+02
1.181641399656713673e+02
1.070615699646337475e+02
1.040754717266021032e+02
8.837692282165197355e+01
8.564934712084516377e+01
8.142095400912656089e+01
7.849333276876436116e+01
7.169319161787225880e+01
6.976717895715395912e+01
6.115706367588598624e+01
5.872454427355539508e+01
5.696386703589428180e+01
5.112795130373073249e+01
5.003837552911541309e+01
4.530348018866694559e+01
4.334943432933685159e+01
4.174373013849236003e+01
3.942801457787964381e+01
3.469322379689442215e+01
3.319892578865950128e+01
2.866689534624271118e+01
2.784421783273533180e+01
2.672492756898252964e+01
2.556820652726117160e+01
2.518552167172338230e+01
2.436320005095967289e+01
2.355246350468006256e+01
1.912867767685344234e+01
1.845497323406462442e+01
1.701093536815781349e+01
1.591046894576367166e+01
1.418599315233903546e+01
1.402824364122191980e+01
1.393515325503781987e+01
1.306521544411169700e+01
1.206268586618341310e+01
1.166266624346562786e+01
1.029325691765640904e+01
9.671446861026021580e+00
9.371478943438891207e+00
8.821425957605310231e+00
8.695082125592357158e+00
7.069327260190772400e+00
6.902601723097517628e+00
6.549299117346414789e+00
6.368927095368372093e+00
5.544376820953930363e+00
5.417908189365666871e+00
5.330289291076035774e+00
5.125330643796928598e+00
4.755700053583433728e+00
4.388363636315366634e+00
4.288484936907879685e+00
4.155341272218309179e+00
3.294247273993490488e+00
3.153183712719692000e+00
3.097513163656780311e+00
2.853712482026424357e+00
2.738732550762275952e+00
2.697463190956890244e+00
2.627484492630647317e+00
2.280274432020116038e+00
2.204123146372034991e+00
2.122939496752685340e+00
2.005105012471350090e+00
1.843245747058636752e+00
1.809966827198804307e+00
1.564116950934279382e+00
1.458207973310805983e+00
1.358461405491677043e+00
1.299463582457413668e+00
1.291790442584658249e+00
1.219802129215755482e+00
1.032296819156035772e+00
9.708762866591658103e-01
8.994832164208144132e-01
8.876467839524831982e-01
8.397325897001134409e-01
8.343886852897289819e-01
7.710163290872754649e-01
7.189335633422809790e-01
7.055714146250645635e-01
6.980369593307949039e-01
6.683232219746612079e-01
5.481150533852416906e-01
5.136138403308382339e-01
5.062403699631659038e-01
4.913402073261222691e-01
3.739897823929166920e-01
3.495737169515317211e-01
3.473994701039696542e-01
3.404545711896480031e-01
3.286205839973319609e-01
3.217884468405163845e-01
3.131400406612123155e-01
2.987671624633175815e-01
2.823203667388855531e-01
2.803219507793409115e-01
2.474007536111273442e-01
2.386546659829230366e-01
2.030781385388487348e-01
1.998851292994387741e-01
1.737906731062959231e-01
1.670189663616445663e-01
1.554146274678106787e-01
1.498189735465576822e-01
1.451547654767225137e-01
1.202190130959638614e-01
1.166655902411977558e-01
1.136590958537544716e-01
1.074001853179885752e-01
1.038093204568107525e-01
1.033153204791592006e-01
9.403836435424822726e-02
9.352613105177547126e-02
7.993987787552161994e-02
7.378537359676802521e-02
7.159354626668879007e-02
7.053047022236781649e-02
6.723581672057481196e-02
6.536158031765461340e-02
5.692636548922894169e-02
5.598988188978896302e-02
5.547947781781737558e-02
5.451148762186101143e-02
3.931524140593571637e-02
3.740256712993728777e-02
3.650379454929173623e-02
3.569696349329376517e-02
3.371129738378728091e-02
3.158741970433583818e-02
2.815635728349505373e-02
2.697616875955187107e-02
2.626525080305177132e-02
2.515597791866544183e-02
2.440421204995208565e-02
2.246399626112354636e-02
2.211331245885509930e-02
2.165277834414871747e-02
2.107158293654521480e-02
1.968088001664659512e-02
1.856824818244245598e-02
1.612095942082828609e-02
1.577580177052387289e-02
1.238937156113523869e-02
1.206665624515065351e-02
1.135466226591020852e-02
1.088716927250058496e-02
1.055200994500204298e-02
1.044373428201443230e-02
9.117315293586697456e-03
8.941023430512834783e-03
8.568593568581320263e-03
7.911186980960743798e-03
7.583641094375841683e-03
7.088900047858349637e-03
6.455813017882041684e-03
6.389421117728332454e-03
6.111825950074204622e-03
6.066772323673222563e-03
5.758048087811367538e-03
5.542556034390450255e-03
4.342944864286351313e-03
4.082239113494545019e-03
3.837763503879675509e-03
3.635164345415292479e-03
3.531331810446977724e-03
3.429315518191558294e-03
3.372849666870427181e-03
2.869399991705316299e-03
2.701793219970479842e-03
2.637473466168536052e-03
2.593834510291939070e-03
2.045292900753280328e-03
1.982621021260484208e-03
1.868298323126411919e-03
1.773261036750041963e-03
1.742618906421055432e-03
1.704996633679962958e-03
1.621840384222825475e-03
1.568921269699539859e-03
1.403044127049387713e-03
1.389444744560291338e-03
1.311347693166796564e-03
1.295146962526229567e-03
1.176665832516777871e-03
1.139719123840473441e-03
1.082954606098683733e-03
1.006540988237077886e-03
9.796365105374865104e-04
8.939680145759850349e-04
8.143052383813409022e-04
7.570016351254482039e-04
6.743535572276326742e-04
6.452428640913365418e-04
4.949315431920931884e-04
4.746834449789913120e-04
4.565136322296933194e-04
4.495091130337609624e-04
4.453730290522767989e-04
4.409862538583459476e-04
4.047839146184719185e-04
3.895118825942377031e-04
3.867893184524713287e-04
3.825264660536489099e-04
3.566729144567959745e-04
3.231609847825655689e-04
3.150163068254017767e-04
3.013423380489212286e-04
2.885236471416383476e-04
2.235560097573715860e-04
2.184971306440059813e-04
2.119297179689273627e-04
2.091360753460884295e-04
2.014354673414128273e-04
1.925428439494665457e-04
1.521949403766301894e-04
1.486327655593792593e-04
1.451271129820456702e-04
1.379931002259907470e-04
1.277677021246006594e-04
1.254311669634078743e-04
1.093073828524813280e-04
1.072385909874208854e-04
9.106472217105015447e-05
9.056723819884650003e-05
8.667766522193642474e-05
8.468546925455365092e-05
8.150808577446179903e-05
7.855198371063450288e-05
7.440994827395153459e-05
7.369752166894966519e-05
6.231897042972283523e-05
5.966642645024425231e-05
5.261272520275975890e-05
5.135532126274979322e-05
4.922083181482548122e-05
4.846480968745137943e-05
4.741229965862310314e-05
4.405470412085916830e-05
4.273867657646555744e-05
4.035179369648746710e-05
3.975878026248942681e-05
3.266176133668066798e-05
3.237416115577219737e-05
3.010154823087221392e-05
2.799217645926985675e-05
2.472032920545110798e-05
2.358146666312797415e-05
2.107781032322877967e-05
2.020680148338004992e-05
1.807055196676638935e-05
1.673851874959627568e-05
1.620060225686372466e-05
1.556070894701103123e-05
1.423253592767642875e-05
1.382041398735272302e-05
1.370899943996954581e-05
1.340604872644862845e-05
1.183889555029810944e-05
1.140568158364799092e-05
1.114709633660628989e-05
1.100126090640900456e-05
1.066710959752964281e-05
1.029899426242323582e-05
9.448804820190718123e-06
9.207138373998113639e-06
8.178547134861758412e-06
7.676645310188124054e-06
7.492169763045327837e-06
7.285521257295453019e-06
5.372186117105551669e-06
5.217900113599563309e-06
4.949872154124378560e-06
4.758704430704017408e-06
4.694377436836643449e-06
4.467794716666972080e-06
3.920430713385162510e-06
3.698483577947648041e-06
3.560024076370107546e-06
3.285616697355614334e-06
3.023351070836924344e-06
2.856721833276922604e-06
2.746197161465945028e-06
2.618792434604463147e-06
2.600502359499055408e-06
2.363785418667035449e-06
2.257881642229723931e-06
2.176700219703716564e-06
2.132322473188104838e-06
1.867781362239008429e-06
1.759118750644108692e-06
1.701698284703346163e-06
1.678425528755930695e-06
1.592643754445877202e-06
1.581793988574394898e-06
1.310287250925564435e-06
1.266871812987448692e-06
1.070866572879044293e-06
1.054253607666511554e-06
9.662017661423345793e-07
9.193860579241850157e-07
8.928416558936756250e-07
8.802347481570786662e-07
8.480456322319627363e-07
8.365545848826967024e-07
8.128343621486124607e-07
7.873541979096558373e-07
5.800776735999766965e-07
5.749077832316279976e-07
5.086699688519450016e-07
4.799569249085844790e-07
4.135944165660646190e-07
4.026892409924096461e-07
3.989808902112447122e-07
3.681508368735467060e-07
3.520724417221928004e-07
3.375025701482740736e-07
3.298380257439479026e-07
3.243503524877321282e-07
2.956647558021308098e-07
2.893485021222497763e-07
2.766211476765027981e-07
2.645703835200255604e-07
2.500012550276810251e-07
2.465947744798924385e-07
2.376785093476866557e-07
2.002700028713182156e-07
1.937106290271900595e-07
1.838909008239129413e-07
1.821936027948469916e-07
1.667272864843968474e-07
1.560505432934561880e-07
1.446612904807808976e-07
1.386356026141691742e-07
1.326045899602473775e-07
1.234929366974887632e-07
1.158793120494175913e-07
1.110850260942174270e-07
7.937168921922000258e-08
7.841822327110678753e-08
6.772993068760066956e-08
6.580344062866208799e-08
6.537809605731020521e-08
6.431287443842596852e-08
6.037397730190141977e-08
6.024150496552165168e-08
5.495500543351277566e-08
5.391702355971109614e-08
5.267436157551162419e-08
5.140810004328915230e-08
4.809102735963196725e-08
4.668166447563608457e-08
4.282976551566300576e-08
4.007245163256965573e-08
3.809405492503856141e-08
3.701186382219248201e-08
3.679919441730144197e-08
3.502601348837277355e-08
2.833595840666271457e-08
2.693084132014924832e-08
2.573191709765129686e-08
2.461912834517645906e-08
2.166682638369830397e-08
2.123406875336918075e-08
2.026187171911483057e-08
1.979165425259261824e-08
1.773341017216426638e-08
1.736830806007660851e-08
1.564539648964448402e-08
1.448800091293710549e-08
1.421754635400894289e-08
1.152005765396818485e-08
1.084811884150577288e-08
1.069863719960881524e-08
1.019777877575832603e-08
9.965752954004155888e-09
9.465660808149915698e-09
9.174125411978543300e-09
8.978434311028745039e-09
7.115626475706323195e-09
6.809139723447959607e-09
6.621291435051120461e-09
6.449291605006481563e-09
6.104963349459118810e-09
5.833923240801725795e-09
5.690649591932146283e-09
5.423245928035526414e-09
4.697885122781136288e-09
4.445141785215723954e-09
3.977229980049642252e-09
3.761407043849165648e-09
3.528615041771535073e-09
3.399898417031383827e-09
3.372453982455311340e-09
3.309646641995427195e-09
3.186614223079618858e-09
3.078488379272526918e-09
2.832392775964895465e-09
2.805324318734957326e-09
2.734353350532031409e-09
2.592639098103000620e-09
2.166917441028406741e-09
2.156264384043946456e-09
1.906877096697472555e-09
1.846292902424535998e-09
1.564283904310991248e-09
1.528979089754600645e-09
1.392601647933709900e-09
1.334904334546300314e-09
1.293183955875728892e-09
1.286586842113871828e-09
1.055803142814600468e-09
1.034982456545189053e-09
7.918868145938021245e-10
7.746854263653711293e-10
7.587042876803509106e-10
7.253338645417942269e-10
6.977838374976241581e-10
6.794731522519120565e-10
6.450281465329476578e-10
6.268733821917490253e-10
6.128553574539796411e-10
5.641391244734477463e-10
5.458806876123605881e-10
5.305132053248423768e-10
5.146859636205362497e-10
5.112345652827605968e-10
4.906619216983951627e-10
4.716659479970055529e-10
4.581148527196350529e-10
3.940183789369124095e-10
3.832237189519448686e-10
3.637140148152528044e-10
3.366852988795325788e-10
3.158729021107945345e-10
3.128726645433931045e-10
2.465117819263882844e-10
2.422227178692783182e-10
2.116766553320924923e-10
2.075952697073736225e-10
1.781477962519202539e-10
1.692720070624974786e-10
1.666852604147638936e-10
1.607855165682382272e-10
1.563668341663626100e-10
1.506766911431603550e-10
1.405688078840033212e-10
1.361082450806058787e-10
1.209591643199886392e-10
1.185629148341527281e-10
8.825562232910099957e-11
8.676080307058026917e-11
8.426771657712153204e-11
8.019685115552391675e-11
7.867664117392115994e-11
7.453803336115680442e-11
7.280710154785978075e-11
7.089563730471076195e-11
6.948814441464001008e-11
6.874446253932648056e-11
6.541743982610559463e-11
6.208782516840992117e-11
5.598662324080402578e-11
5.211331987233689793e-11
4.800146136272832659e-11
4.648751091120409052e-11
4.124927209996676696e-11
3.992276614059664809e-11
3.885546065731067121e-11
3.774220893226785279e-11
2.948686754366816116e-11
2.780544232554100565e-11
2.707691152235029014e-11
2.631976780000602067e-11
2.553549458849131346e-11
2.517915047252775311e-11
2.416195317308219898e-11
2.201508474744963400e-11
2.146047248032195561e-11
2.009574399154745415e-11
1.895881376450867061e-11
1.792084887555675806e-11
1.758640389781082379e-11
1.545052587578478078e-11
1.471975290168593769e-11
1.232496413005994578e-11
1.208502019148896566e-11
9.662774519984618376e-12
9.255496475467093178e-12
8.695179390242376122e-12
8.232495660056254248e-12
7.862179054309103884e-12
7.734664366370471160e-12
7.523556295266457115e-12
7.126211072282573555e-12
6.706487404771279702e-12
6.470447838684865267e-12
6.282765357947557826e-12
5.925136297110941877e-12
5.231769556473629952e-12
5.161244710745806619e-12
5.113905906119685759e-12
4.670381342291127146e-12
4.423962778231300334e-12
4.219839861958017613e-12
4.215396662243673453e-12
4.132882353590762967e-12
3.847750600176273866e-12
3.577354794228798270e-12
3.146655611781117984e-12
2.993428279299884261e-12
2.885067334724372859e-12
2.689626582292614276e-12
2.649905242207114939e-12
2.554397965929830230e-12
2.514579782991339236e-12
2.368686972212352008e-12
1.964189578452049759e-12
1.838975829719510407e-12
1.656671523139153330e-12
1.590848541409285055e-12
1.436015492966624011e-12
1.379285940956328297e-12
1.062746090903374504e-12
9.963976774926224895e-13
9.295436182704242323e-13
8.846738031823856348e-13
8.410018179466170776e-13
8.299394353653471101e-13
8.202055527849219916e-13
7.918805646536640591e-13
7.736212994720429193e-13
7.318364008201533958e-13
7.144767958696981491e-13
6.500573113436009204e-13
6.325649528123113036e-13
5.967456380638919748e-13
5.848700586177912183e-13
5.370105040725732959e-13
5.163375222178001070e-13
4.467278370796351022e-13
4.232779682144304705e-13
4.009241135077471359e-13
3.855038240163495816e-13
3.720859114225072296e-13
3.680831377361574662e-13
3.220265198918524585e-13
3.141196180092752211e-13
3.091618862870050089e-13
3.028271334267673258e-13
2.900753145379081559e-13
2.776450461668610998e-13
2.149466753421510446e-13
2.072415260219134946e-13
2.020895139642803018e-13
1.936687405083341129e-13
1.760452202914402760e-13
1.697532279033007821e-13
1.515941971913261928e-13
1.466042548765991312e-13
1.298392451637931547e-13
1.212808923470266322e-13
1.166260447789354792e-13
1.138132335762631074e-13
1.080797579119981338e-13
9.858574978200448083e-14
9.550834317717537309e-14
8.781195527342349540e-14
8.557900283622867327e-14
8.266223880150522132e-14
7.396687280594265398e-14
7.188061283674384941e-14
6.843573740518493709e-14
6.506475635377222525e-14
5.254434506883109555e-14
5.149889658289582765e-14
4.648349828374086914e-14
4.553445214424557937e-14
4.440119460392534499e-14
4.346590588186685694e-14
4.084688652174780932e-14
3.960212016613456722e-14
3.724312224280380138e-14
3.673474348077717589e-14
3.535724901314553728e-14
3.463985774461050860e-14
3.454861616054320805e-14
3.322751827316229203e-14
3.233877108242282347e-14
3.215690737502541495e-14
3.117312335624718729e-14
3.048924030981547355e-14
3.001148363190858510e-14
2.959672805775480126e-14
2.923885460255795541e-14
2.875364712695625461e-14
2.775218228588335622e-14
2.754167783137974719e-14
2.723010660672889917e-14
2.545070871932688706e-14
2.499942922127565374e-14
2.475473601327673841e-14
2.437756656719530648e-14
2.377457521122260261e-14
2.328232278192856723e-14
2.257395678205928617e-14
2.229593833310522579e-14
2.185854062328064086e-14
2.165830443843598397e-14
2.150514354481038384e-14
2.098797842434305655e-14
2.050182056336915690e-14
2.010616462703679553e-14
1.992995513492422775e-14
1.952986876174545395e-14
1.943726453152047161e-14
1.892185383649727821e-14
1.833720903267490092e-14
1.800515845751376401e-14
1.777836214760980908e-14
1.731869581378693815e-14
1.685154847715207422e-14
1.632371935096515341e-14
1.629613698316794423e-14
1.604832251642677640e-14
1.555595194549293819e-14
1.528987258875089834e-14
1.494672584870476905e-14
1.472719226140084793e-14
1.432725215478206993e-14
1.414548529739607772e-14
1.327027118649098257e-14
1.287220484856513490e-14
1.218456734973365806e-14
1.169269142028584378e-14
1.151474551083035067e-14
1.126448834472401667e-14
1.105545774832217134e-14
1.080271489295300365e-14
1.067251819745204677e-14
1.045550273894864474e-14
1.028579973174404215e-14
9.943452867311918366e-15
9.866651271131698345e-15
9.570880052947583328e-15
9.429028342671266439e-15
9.362983998763547121e-15
9.217670201792858889e-15
9.106774790155918547e-15
8.998491219006465768e-15
8.884690851610432973e-15
8.817577615078769764e-15
8.768705867398904326e-15
8.612978578689112800e-15
8.557956220820258180e-15
8.456023372279417409e-15
8.420835406695642928e-15
8.384098851024848753e-15
8.249944390014338438e-15
8.190642012013140431e-15
8.134585807415911253e-15
8.119435372217413950e-15
8.049139245620146251e-15
8.020567366835018033e-15
7.972539731804612429e-15
7.923898746871151508e-15
7.894824739644590453e-15
7.829633650256628599e-15
7.779546718530717146e-15
7.749212426158256767e-15
7.703272523776403942e-15
7.659239811841996747e-15
7.634997471663326706e-15
7.606179842713337671e-15
7.578286577204807216e-15
7.518056354015184072e-15
7.510548867332652962e-15
7.471608948278340389e-15
7.451341359149494996e-15
7.423604797838247479e-15
7.342341687192121986e-15
7.310601577490768969e-15
7.292130083063774447e-15
7.252664688830015683e-15
7.230449106488133976e-15
7.221486804072204430e-15
7.187102410634392409e-15
7.167167546437068417e-15
7.164930662408054840e-15
7.135299190801503929e-15
7.104701161312689243e-15
7.089251888148767716e-15
7.079410561645341677e-15
7.052506191856030938e-15
7.009739420462689299e-15
6.999824513528076459e-15
6.972273728412359951e-15
6.959925594005112566e-15
6.937194490413365681e-15
6.900758699140716671e-15
6.851533949878728024e-15
6.841092409818067829e-15
6.825961532679141149e-15
6.815490145896359583e-15
6.806504933786288945e-15
6.780680454499897178e-15
6.754033027224630418e-15
6.743056773730700075e-15
6.726216134282178163e-15
6.711198747011560699e-15
6.654515361457246927e-15
6.640753316485371320e-15
6.626334881181847392e-15
6.617815275122756208e-15
6.588919264491851224e-15
6.588187115141532689e-15
6.559929768622155155e-15
6.532017921306615135e-15
6.523577545258627102e-15
6.513119754277167996e-15
6.489813795078956048e-15
6.481866431810754875e-15
6.462081679807291509e-15
6.455269536449903228e-15
6.429737659907405733e-15
6.411395463447778158e-15
6.396404949290481404e-15
6.383233270800857500e-15
6.368554698154231594e-15
6.363164777253058304e-15
6.334337356371189330e-15
6.327219150249471392e-15
6.312273954024386131e-15
6.288428881689876248e-15
6.274848274595315250e-15
6.257566745888691479e-15
6.252386215955373378e-15
6.237887050360159788e-15
6.218759853828263214e-15
6.210051058944357194e-15
6.194308190921043029e-15
6.169450870456897129e-15
6.165210742057779677e-15
6.163707870711866221e-15
6.132854247452072634e-15
6.116960557042787463e-15
6.093230640901565161e-15
6.090106954545353850e-15
6.060059045401639341e-15
6.041931663021805498e-15
6.034468399201294812e-15
6.025775784368711535e-15
6.006789516714226320e-15
5.989287607172036580e-15
5.976958604828306250e-15
5.963394037480205624e-15
5.950945199403150473e-15
5.938100361628258535e-15
5.913391162047782152e-15
5.909692366114989768e-15
5.906904572708523709e-15
5.883022243181721647e-15
5.863511757170077639e-15
5.860824119193515641e-15
5.853844935715810393e-15
5.837286933455574033e-15
5.823564617697490407e-15
5.816069552679469348e-15
5.804407821275862195e-15
5.794352925238425557e-15
5.778316202741870158e-15
5.760268989408631413e-15
5.754596853035109047e-15
5.739478554543306527e-15
5.726126027168739307e-15
5.706893353540423635e-15
5.706410600479302675e-15
5.695348875756067906e-15
5.683819456315933024e-15
5.658449799678346217e-15
5.645722718204771159e-15
5.625166739395636749e-15
5.622713462031979058e-15
5.606587601685420941e-15
5.592363513286595078e-15
5.588316179973381421e-15
5.572787966571065353e-15
5.565031757476818244e-15
5.556591690180693642e-15
5.546349585912766462e-15
5.538331618565947028e-15
5.524447161512163313e-15
5.510505269613613310e-15
5.494100091804716398e-15
5.489573271163087824e-15
5.466383789441122419e-15
5.462808846939281539e-15
5.456393397712153176e-15
5.435459212855425144e-15
5.425136717952782331e-15
5.418273916826750673e-15
5.400505428935866774e-15
5.399198418783809337e-15
5.393083805076099606e-15
5.374945145485754108e-15
5.365277391465746912e-15
5.347596615544061767e-15
5.338414789284718350e-15
5.325957665766217339e-15
5.306869935556576276e-15
5.298201791971048313e-15
5.294788783850500702e-15
5.280300678206195095e-15
5.273203631611062931e-15
5.258583950885448666e-15
5.250853181913759928e-15
5.239584235182745013e-15
5.230612255167539459e-15
5.218767926678541169e-15
5.212971324043934247e-15
5.206091448992286884e-15
5.196401766505542880e-15
5.193790980717726314e-15
5.178886100024479084e-15
5.163200760024589410e-15
5.152219743227201542e-15
5.140248924191385280e-15
5.132930498038379301e-15
5.117441159108128428e-15
5.108677153772408320e-15
5.099941018760464842e-15
5.080731620261451115e-15
5.065240237697843753e-15
5.052826493605438623e-15
5.050514261056930950e-15
5.044350028271847946e-15
5.033431921500461440e-15
5.024303679449391795e-15
5.011112589878077424e-15
5.007645103056388847e-15
4.992572178714127726e-15
4.986054571679193580e-15
4.958172986361839096e-15
4.948627001304802618e-15
4.943543993646967006e-15
4.932227688532603248e-15
4.925161139672537070e-15
4.913516013147288520e-15
4.897827894421322146e-15
4.880012975903462326e-15
4.875732113013736260e-15
4.869502791725360515e-15
4.864488806932718393e-15
4.847940812635276921e-15
4.838749846787948523e-15
4.833892172047836906e-15
4.822893179620055381e-15
4.804050820360973565e-15
4.792944865017071788e-15
4.787265353171288913e-15
4.786626801822615025e-15
4.763064172282251682e-15
4.758084042968221154e-15
4.753079972213345225e-15
4.739227544559251527e-15
4.728631088018590735e-15
4.713763353083625418e-15
4.707678018742117476e-15
4.696887780238531117e-15
4.689387472240608653e-15
4.682794014957363429e-15
4.672404354125867925e-15
4.667468486167683320e-15
4.650170671712552600e-15
4.638332573549411906e-15
4.633376288596098407e-15
4.628508816299001636e-15
4.619866133849690693e-15
4.593391896694391906e-15
4.589768789875179972e-15
4.587169132372665729e-15
4.565695607169010155e-15
4.560290107029187473e-15
4.548730543953743208e-15
4.545041803753834715e-15
4.534696837526119464e-15
4.520667545403797980e-15
4.514903577740169301e-15
4.505240904359756990e-15
4.494020863931989073e-15
4.489606029869797642e-15
4.474684628887221294e-15
4.468950558426148411e-15
4.462277480105783156e-15
4.447682692436478191e-15
4.434115852095980070e-15
4.420093565354997419e-15
4.414854270148532610e-15
4.412511806369380546e-15
4.396765000096553384e-15
4.393400709622847010e-15
4.366156515299449795e-15
4.361698237282831106e-15
4.356384511531860570e-15
4.346913051762823002e-15
4.339075383267896077e-15
4.327721427916019389e-15
4.317366677643803416e-15
4.301079062949802019e-15
4.296691786947403019e-15
4.285406760075330836e-15
4.277077499183249834e-15
4.273058323060940023e-15
4.265968116937503639e-15
4.253753702120026085e-15
4.251899391075355107e-15
4.240308295804933138e-15
4.220974203895159742e-15
4.218374947086708917e-15
4.205578100517116015e-15
4.189298350563725481e-15
4.177940840986006761e-15
4.173140106240735997e-15
4.167235075271291185e-15
4.158076052270670476e-15
4.143791467352396594e-15
4.135189314801723139e-15
4.118633798634984808e-15
4.105273919721051519e-15
4.087238648520581278e-15
4.085499688774251242e-15
4.072050369491795595e-15
4.066395838970606657e-15
4.056747166734668072e-15
4.048916552704352602e-15
4.022752258706070631e-15
4.013170106015360691e-15
4.005119656031605190e-15
3.995300362385782793e-15
3.988605524516448735e-15
3.985187139286604782e-15
3.967463369339427765e-15
3.960474329479406482e-15
3.945934985343218881e-15
3.939930732098408636e-15
3.927983342384890373e-15
3.918310502496457099e-15
3.911640333781152841e-15
3.901544429597545136e-15
3.884158547285027767e-15
3.878688023998461685e-15
3.865722625748365866e-15
3.843084830175715650e-15
3.840598475077464964e-15
3.828052303629963898e-15
3.819605441202416294e-15
3.802739791167193841e-15
3.794907894116803512e-15
3.778307842235057564e-15
3.776134361172450133e-15
3.768901874128093168e-15
3.760738150717196823e-15
3.745012544929220266e-15
3.731059684466859781e-15
3.723926108904244255e-15
3.687394355699808917e-15
3.684165077201273923e-15
3.670698920835448334e-15
3.648755522684551809e-15
3.642290727298813385e-15
3.639682945286028611e-15
3.623939016099103781e-15
3.606084061919525453e-15
3.599659017024921518e-15
3.584347103211469790e-15
3.558323140129883613e-15
3.547052586371691309e-15
3.534569791598938029e-15
3.515196662576923223e-15
3.495418605220686366e-15
3.469007745425760409e-15
3.465687060545962205e-15
3.453354602748925016e-15
3.448464736979409750e-15
3.411080048075630810e-15
3.403149515021863456e-15
3.382198229921738626e-15
3.375717704479524933e-15
3.309094514812856429e-15
