3.310632043659782653e+02
2.967192258067879607e+02
2.813122518430900527e+02
2.403088450334910817e+02
2.380643371807162794e+02
2.266810084137932506e+02
1.978604537207434078e+02
1.948736597360408780e+02
1.784985748520979882e+02
1.729443478730366621e+02
1.618373509998554312e+02
1.505998717031085619e+02
1.468445474000694162e+02
1.265026575712029171e+02
1.252846470192074548e+02
1.226281750659177305e+02
1.190181180327656989e+02
1.101276048846953017e+02
1.062810399109580857e+02
9.271305092504397294e+01
8.822527694934680653e+01
8.619357243050021111e+01
8.127512922294957320e+01
7.805270247360178359e+01
6.966979490575074863e+01
6.835992384324821103e+01
6.677648368162103054e+01
6.428473627640393318e+01
5.669121901833440091e+01
5.535342105984427263e+01
4.946134846736835300e+01
4.860373937849080761e+01
4.654786009316541140e+01
4.247119158068364442e+01
4.163777723655424268e+01
4.026028825948061041e+01
3.910951774225510036e+01
3.445173101419631223e+01
3.302039119590609317e+01
3.039621505313719751e+01
2.942191815573751157e+01
2.736636466226698516e+01
2.620186245788809387e+01
2.575809199271914451e+01
2.446746552618072101e+01
2.339367614735718348e+01
2.218715218475481166e+01
1.983900096050911088e+01
1.890992282227976062e+01
1.878632685325499807e+01
1.783759930391394377e+01
1.675878806695033774e+01
1.438667808028948691e+01
1.377502231876177774e+01
1.171458542972932015e+01
1.124175537985516904e+01
1.031664934450972027e+01
9.745885900107165156e+00
6.866688276017494985e+00
6.509858414909135860e+00
6.373838929296476330e+00
3.891042983259395349e+00
3.751272898756704333e+00
2.200443471214191593e+00
5.281745489874933288e-13
4.579838578451874564e-13
4.508597382523310254e-13
4.214372615826022802e-13
3.851786149818287431e-13
3.654986789702153127e-13
3.475654953977915673e-13
3.421946398272624351e-13
3.352712399714712789e-13
3.336636258641203928e-13
3.253941449669927163e-13
3.134991194768312685e-13
2.999224757572419599e-13
2.994221756632183033e-13
2.973342117117382904e-13
2.851536433117266372e-13
2.817603482233508479e-13
2.756914964080220266e-13
2.609521921848476271e-13
2.525143127474442007e-13
2.427073342876333986e-13
2.368841024576450223e-13
2.268666776298931219e-13
2.193016537817773721e-13
2.052668812650965105e-13
1.949684736000932228e-13
1.929524441113478960e-13
1.890027798954812633e-13
1.837409078850300190e-13
1.741002847871282230e-13
1.676341316883488009e-13
1.559286357102133891e-13
1.548096261111903893e-13
1.516926842148226313e-13
1.433759734899675190e-13
1.372263165132772011e-13
1.329565089974710378e-13
1.292549379291037821e-13
1.272430743061881037e-13
1.194756967673366693e-13
1.187356081782927024e-13
1.067273352236357780e-13
1.028973545043264054e-13
9.966763114852165431e-14
9.520885113257696473e-14
8.985041313759181748e-14
8.435376524464400415e-14
7.302279972804101234e-14
7.100241771558343971e-14
7.000951745728889785e-14
6.961247639242795939e-14
6.441492385581740306e-14
6.095058196458459228e-14
5.982549712853744289e-14
5.893338558891653321e-14
5.298343425303171592e-14
5.004694985025368235e-14
4.793949228671116660e-14
4.157074898918841898e-14
4.065677862727512435e-14
3.937610238167647120e-14
3.763386862181628020e-14
3.477743505582730668e-14
2.689307889876924501e-14
1.697002397404258996e-14
1.632206577270161092e-14
1.596347119454501936e-14
1.588514214800886263e-14
1.577826561786806860e-14
1.554219120712691573e-14
1.541434387752138130e-14
1.491429739100244092e-14
1.482237767967406603e-14
1.474531604070840447e-14
1.469767440958221340e-14
1.454435048982030821e-14
1.444775365185467181e-14
1.418889193390115043e-14
1.414308345448139300e-14
1.396645699172844937e-14
1.390289071747118770e-14
1.379312215830306394e-14
1.373619408284098524e-14
1.367988674581136288e-14
1.357806917775421350e-14
1.352576018959141726e-14
1.340856490319935734e-14
1.336021184525114795e-14
1.332508256561464206e-14
1.318951537274703992e-14
1.312773625141145408e-14
1.309386745851227970e-14
1.303361583899931389e-14
1.284113570331152392e-14
1.282375697827666679e-14
1.277632710079798685e-14
1.270867726111662014e-14
1.265653494581632084e-14
1.264099281384962211e-14
1.253420339672773575e-14
1.249165610224215632e-14
1.244746967492654478e-14
1.242308563946172439e-14
1.231642554032500562e-14
1.225749362444069649e-14
1.219790479882713067e-14
1.215756553767826094e-14
1.210656495669712611e-14
1.201474357952295235e-14
1.198434199388560444e-14
1.193150739916349285e-14
1.190251867870411081e-14
1.189069706036091438e-14
1.186161323642405022e-14
1.180340316630526768e-14
1.174912936331638484e-14
1.167093222272479508e-14
1.162059905265852092e-14
1.158478344092897507e-14
1.155113350605969793e-14
1.151903092054066670e-14
1.147374468190673528e-14
1.146861699329336050e-14
1.144582614437643618e-14
1.141495587575503648e-14
1.137378325464702202e-14
1.135581719261354875e-14
1.132589432997003900e-14
1.128385798429028144e-14
1.121137266799813223e-14
1.117572406276907153e-14
1.110759549103131583e-14
1.108166694788910902e-14
1.107212635211195990e-14
1.103958084668825075e-14
1.102970739609377890e-14
1.095837054239436297e-14
1.091699737999740956e-14
1.088392567456455758e-14
1.086442423885944515e-14
1.082999728629809839e-14
1.078380289000146501e-14
1.075378436135961773e-14
1.071624780977768415e-14
1.070921151033437531e-14
1.066095162519742537e-14
1.065397840909845101e-14
1.064095396813804959e-14
1.056783616706644645e-14
1.053531278743790274e-14
1.052458491296339408e-14
1.049364270161542795e-14
1.047323171924100268e-14
1.044232449166884355e-14
1.042133786434170291e-14
1.036742195001358852e-14
1.034587782858151015e-14
1.032417215142754981e-14
1.031172875255625984e-14
1.029198186766718932e-14
1.026608949053991734e-14
1.025070990972974778e-14
1.021340399867599867e-14
1.020458357093075489e-14
1.017955774397717291e-14
1.015086838167026102e-14
1.011982737299709388e-14
1.009705277081178654e-14
1.008395787671274745e-14
1.001233865200644558e-14
9.999283885923783275e-15
9.992656377896275216e-15
9.956008826413044781e-15
9.935582244858289824e-15
9.906119776710204067e-15
9.876580935078515992e-15
9.860479307233203463e-15
9.851850271278428069e-15
9.833622285439798846e-15
9.772655501316136074e-15
9.751748697663059704e-15
9.722013840641394876e-15
9.700416369417493888e-15
9.679429072550510129e-15
9.651776754820059067e-15
9.628430832963011254e-15
9.603183326091829418e-15
9.591475891596268876e-15
9.571138221957137757e-15
9.546193737928547438e-15
9.527597442952170052e-15
9.510334574986154727e-15
9.495267695328028667e-15
9.472702597494261239e-15
9.444467342463878352e-15
9.414884078813668878e-15
9.411701619328912062e-15
9.398132291348664918e-15
9.367850091865846299e-15
9.349714444769207121e-15
9.342151006549724717e-15
9.306693244389156579e-15
9.283615422042783720e-15
9.270019862178807721e-15
9.250328707808524696e-15
9.229889909315710299e-15
9.214160601800271810e-15
9.194010107775863929e-15
9.161429551023859742e-15
9.154706857503688109e-15
9.141508318823753980e-15
9.134429502404386999e-15
9.099686002070490173e-15
9.080261560881002493e-15
9.070623437085637826e-15
9.039556743341637968e-15
9.024156401575893377e-15
9.007008643995673420e-15
8.973743265322632234e-15
8.970176188961346334e-15
8.949186881042888659e-15
8.943470079941943921e-15
8.904620707189166909e-15
8.893298379050175051e-15
8.857954545155143172e-15
8.850147968616967503e-15
8.828264160767522655e-15
8.825774958513480500e-15
8.815034171913557274e-15
8.794303491236381206e-15
8.788680622236563199e-15
8.769124444709944504e-15
8.742572887174249610e-15
8.733287621419500762e-15
8.719556258693470341e-15
8.712375670584712945e-15
8.689472158911019306e-15
8.667653585524790987e-15
8.647435785672189881e-15
8.640679730647507157e-15
8.618209299495384020e-15
8.615865454723270106e-15
8.577896950448382001e-15
8.565737227917393735e-15
8.550195011490630076e-15
8.535279703561855468e-15
8.524080503218028855e-15
8.505609772363119437e-15
8.495688622657333235e-15
8.479505899717038310e-15
8.464303560424908144e-15
8.443804495600943630e-15
8.439683115575263542e-15
8.421230083745823729e-15
8.397330988953607701e-15
8.372782051942092690e-15
8.368639829392591571e-15
8.355271026376206105e-15
8.336979011534440381e-15
8.318968577213497773e-15
8.307143796256496501e-15
8.293253245311862571e-15
8.280418534024863818e-15
8.269563535139260348e-15
8.254358797390057349e-15
8.250519045287601312e-15
8.243341283331265849e-15
8.233016704564419821e-15
8.205368316970933237e-15
8.192781515271164135e-15
8.178201792019291357e-15
8.174218198619803495e-15
8.154602383989373711e-15
8.140725054391900413e-15
8.130541901709970624e-15
8.119006189315841508e-15
8.106854432468613563e-15
8.095569428823837605e-15
8.081375384069748031e-15
8.063187237023711110e-15
8.043061556294277678e-15
8.025968281791287018e-15
8.008660242574962112e-15
8.000542317520042995e-15
7.991041536460849206e-15
7.971115951049187353e-15
7.963435805782260358e-15
7.954474457062017764e-15
7.941261258973033023e-15
7.920933700455778621e-15
7.912934060497106849e-15
7.894382946619976912e-15
7.879356847032809437e-15
7.872126172069763825e-15
7.863593986824401496e-15
7.852154511416049088e-15
7.847804714954702997e-15
7.820548746618439529e-15
7.799104677256762240e-15
7.795367106600880425e-15
7.786688117947259940e-15
7.776629867134827546e-15
7.770657315658735563e-15
7.739484427439122501e-15
7.723329223236133990e-15
7.715504098001216674e-15
7.701274178868438041e-15
7.696887949507886376e-15
7.685342932395037546e-15
7.667506977702331756e-15
7.647979126702175111e-15
7.631851417163091406e-15
7.629348048700807984e-15
7.617981542144891212e-15
7.595651323875915843e-15
7.587679914287839531e-15
7.578676278430038410e-15
7.564132158777322903e-15
7.557583960801052858e-15
7.541514768266568562e-15
7.536640014545584690e-15
7.518834147602627240e-15
7.500002837858415277e-15
7.487389157959795589e-15
7.479910793711792852e-15
7.474245960452998104e-15
7.453383644272966630e-15
7.438851199533680214e-15
7.436386826361692950e-15
7.406332692211764916e-15
7.401926184120091780e-15
7.394182255213641842e-15
7.389116870938039456e-15
7.369143158789534646e-15
7.362684765272890545e-15
7.345152843820199480e-15
7.334592303365101068e-15
7.330276297303346386e-15
7.311720658125019915e-15
7.301166038928019475e-15
7.288869920619058265e-15
7.285500146230223582e-15
7.274224025416502153e-15
7.269547065802267300e-15
7.244116446073340429e-15
7.231988951520317578e-15
7.228301451451257220e-15
7.207782728620619958e-15
7.205042707403003174e-15
7.192110433408064446e-15
7.179306558534404639e-15
7.174231511019745848e-15
7.159739261690553370e-15
7.151512969569231833e-15
7.137228217970782072e-15
7.129063642130773315e-15
7.120118424389425314e-15
7.107080293364189879e-15
7.094175973854742358e-15
7.092400974991365578e-15
7.080230359811307834e-15
7.070544980867945592e-15
7.060463245114220511e-15
7.044843222968230873e-15
7.028496082827380467e-15
7.016492361448740803e-15
7.006040410806252598e-15
7.002110354464736217e-15
6.989594650932542450e-15
6.978977415427938236e-15
6.966439874522104590e-15
6.955422330145166282e-15
6.936348968704943007e-15
6.929384078820031970e-15
6.917178650272935978e-15
6.909634584978522658e-15
6.900469764830721427e-15
6.891801447634721492e-15
6.883365110751446574e-15
6.876656812605086710e-15
6.860707953104764617e-15
6.851764478200945035e-15
6.841939957271870607e-15
6.828999734110588894e-15
6.824414211458059523e-15
6.815458193663350181e-15
6.803659843333942954e-15
6.797806070057479395e-15
6.783025488444376670e-15
6.780702907058695222e-15
6.756445207174146846e-15
6.742968801885780882e-15
6.735016380352619438e-15
6.720391703364252755e-15
6.712543704627896021e-15
6.699425688640143494e-15
6.685895483261800275e-15
6.677587124198974297e-15
6.663702237862553157e-15
6.653144250779685561e-15
6.652170812645381177e-15
6.640393858559518596e-15
6.630051505767094113e-15
6.622419180300973497e-15
6.612157105675760609e-15
6.600954049533047362e-15
6.598329115799235448e-15
6.583322889795102970e-15
6.569509254334060059e-15
6.559653458463472677e-15
6.558778429626079871e-15
6.543535942127021206e-15
6.535753779483267571e-15
6.529958164287549390e-15
6.513900193522753397e-15
6.511148684047197574e-15
6.499767939186464988e-15
6.496223495739606639e-15
6.478071296921033024e-15
6.474816759656730684e-15
6.468258697027641677e-15
6.457074856355462357e-15
6.443053252346933621e-15
6.429209644441915091e-15
6.421731181714781767e-15
6.415210886556937108e-15
6.406418453554008455e-15
6.398041437730662402e-15
6.385990409368756052e-15
6.369640778538515027e-15
6.356827159260439858e-15
6.344119970727309478e-15
6.340636077500074092e-15
6.330843296713515083e-15
6.315069942002886574e-15
6.314754907345245028e-15
6.309472423879405638e-15
6.303069435269410384e-15
6.291091923478915922e-15
6.280090274548323296e-15
6.270079525047619196e-15
6.262511935960183862e-15
6.244589255589784860e-15
6.237378666604647053e-15
6.227452020708071572e-15
6.224718783911398896e-15
6.217581123890615586e-15
6.210192804163109624e-15
6.192922322025728576e-15
6.184848163072333027e-15
6.176590051364516018e-15
6.165420987234802443e-15
6.159929379464693981e-15
6.154184442539591089e-15
6.146723926172867253e-15
6.136924922311861248e-15
6.129417614579707284e-15
6.108303297517142811e-15
6.106225770685107353e-15
6.102453839653657414e-15
6.093783165299071775e-15
6.085258390929950350e-15
6.069189520428010296e-15
6.060059044308515573e-15
6.044609107128717867e-15
6.034698804924963001e-15
6.028166511751425957e-15
6.019983216345452630e-15
6.014856951779935889e-15
6.002700724691955501e-15
5.995963346681824530e-15
5.992471764954952694e-15
5.980760912522085752e-15
5.975199417265966516e-15
5.967319413301511680e-15
5.953107224620672211e-15
5.945077725794545807e-15
5.938708838563227151e-15
5.915734502444685827e-15
5.906273693120097675e-15
5.895090936941421338e-15
5.886198328895598265e-15
5.881957991927132956e-15
5.878629953607441044e-15
5.866871729139450868e-15
5.862277914626600437e-15
5.853017336324349435e-15
5.849736822980083050e-15
5.839997255901284567e-15
5.823027210242957314e-15
5.815004428551140211e-15
5.808985838470093919e-15
5.802994272956292602e-15
5.786493166233225565e-15
5.774824843445290195e-15
5.768845258084066619e-15
5.765794482347095624e-15
5.755623105069254559e-15
5.753887342541839791e-15
5.739123063042684142e-15
5.726604868714810215e-15
5.715766069060372891e-15
5.708585450064382062e-15
5.698637763399192423e-15
5.691934878870691269e-15
5.685619562153226962e-15
5.675991508066340879e-15
5.669045121741292297e-15
5.662023655008429555e-15
5.656627038010178354e-15
5.646300798899998271e-15
5.642490390362184813e-15
5.630528909808518023e-15
5.619129170234575294e-15
5.600526187489728842e-15
5.598488402689215264e-15
5.589701533354979491e-15
5.585019098775939864e-15
5.582793844149431478e-15
5.572211521710989999e-15
5.566611037151522426e-15
5.555255756121264253e-15
5.548145168711016386e-15
5.542719232434166407e-15
5.537421880710296290e-15
5.531307689358925840e-15
5.517352164868933930e-15
5.503954140613104937e-15
5.500506705476271337e-15
5.490407525315570060e-15
5.484721403772381220e-15
5.473860498265571045e-15
5.464533059368772350e-15
5.454767016037683245e-15
5.452645240246980548e-15
5.443880089422793241e-15
5.433529688506795777e-15
5.421760277794545987e-15
5.414509680873828874e-15
5.408681637781327778e-15
5.398315968932823901e-15
5.380033918202980442e-15
5.370779973732895406e-15
5.363048835543192717e-15
5.358376464739115768e-15
5.353574948397768118e-15
5.351867307460182268e-15
5.345760514171047036e-15
5.333665240769742683e-15
5.326246963991618702e-15
5.313961967291606726e-15
5.294786475334952748e-15
5.291253063587231750e-15
5.287796798786489196e-15
5.283632376241731551e-15
5.279280982076904993e-15
5.258324150445601356e-15
5.257883084468617370e-15
5.242034062708785610e-15
5.224990095222660438e-15
5.222784736734387982e-15
5.221015681305275851e-15
5.216730649969118214e-15
5.205008419025288233e-15
5.198185969824377575e-15
5.191000795100969459e-15
5.177639063940830017e-15
5.168817347136173730e-15
5.167783522881545482e-15
5.159162525006283612e-15
5.143926615602183841e-15
5.138574287586746116e-15
5.132243360592581402e-15
5.125135216987663207e-15
5.113178898134053059e-15
5.106758401699047503e-15
5.098523730634524987e-15
5.084841791937914597e-15
5.073084332194134566e-15
5.070456817055234049e-15
5.062016187672246655e-15
5.056792013004114371e-15
5.047694459309863234e-15
5.046449874452712574e-15
5.036400301297893421e-15
5.032895158452860236e-15
5.023556064142149900e-15
5.018214142524339901e-15
4.998102563021576327e-15
4.992834021928158658e-15
4.982271350599113976e-15
4.978225292761163542e-15
4.973380252746223921e-15
4.965781411861879512e-15
4.949802282593350713e-15
4.946174025703964217e-15
4.942711078588010773e-15
4.930850906654421848e-15
4.919575847386562314e-15
4.914972093419016928e-15
4.908217326124695162e-15
4.904115353576280947e-15
4.892681224642572876e-15
4.885101256703232156e-15
4.877473551304921191e-15
4.872220864141535490e-15
4.869731592119554926e-15
4.860726234287613922e-15
4.853273660641770893e-15
4.846095388369077844e-15
4.842915093219041893e-15
4.837150733886283794e-15
4.823054948061565273e-15
4.819918928678666493e-15
4.809179166126259805e-15
4.804490311335041416e-15
4.793287267824964478e-15
4.791080987095581743e-15
4.774920519515237675e-15
4.770569859018611829e-15
4.757233939376184057e-15
4.753290024788439703e-15
4.736527668556877680e-15
4.730735683025571105e-15
4.723755008774855013e-15
4.709177228913190511e-15
4.706488746449662778e-15
4.701376009194407960e-15
4.690964043643483531e-15
4.686766566723119187e-15
4.679897503567115255e-15
4.676323168460092680e-15
4.661830892708717312e-15
4.660199090904206215e-15
4.647325256396657516e-15
4.632993338016920990e-15
4.631562482538914324e-15
4.626726370733641438e-15
4.620482485050797947e-15
4.611991758767455229e-15
4.602680547875229952e-15
4.598751470371663694e-15
4.590856077207358767e-15
4.578881480253429155e-15
4.566222480523251262e-15
4.563074052728008286e-15
4.555252180719409213e-15
4.545544967942519802e-15
4.536471636783312210e-15
4.534364244200210817e-15
4.526517039422286966e-15
4.521390226596528108e-15
4.509610997708558006e-15
4.501149111926918531e-15
4.491164628766907999e-15
4.489214042758332119e-15
4.483988258677421873e-15
4.470737593265631898e-15
4.468340256754367787e-15
4.457700061525099095e-15
4.452185137247154264e-15
4.439410430603114939e-15
4.433232803965511420e-15
4.428639101835932037e-15
4.420804277542995275e-15
4.414653207675666576e-15
4.406227156186653020e-15
4.398901639037526832e-15
4.390080913475652881e-15
4.385903129301230918e-15
4.379439670607804000e-15
4.368470775265594896e-15
4.363771449009100815e-15
4.351346451021947060e-15
4.347182247045877782e-15
4.341744198794395964e-15
4.327662383635973670e-15
4.321332101200872670e-15
4.315930264659895099e-15
4.305057631739245241e-15
4.304553395726233518e-15
4.300903246742748693e-15
4.287314001045406275e-15
4.279852080274415459e-15
4.270756586774264754e-15
4.267958109540284582e-15
4.257368505620620804e-15
4.254127279548262808e-15
4.234676170896879938e-15
4.231320779828730559e-15
4.222326158305257007e-15
4.219974333702938163e-15
4.203187529733073156e-15
4.202734113638344437e-15
4.193347162184011814e-15
4.189233687338338895e-15
4.182480223987718731e-15
4.170320310105503276e-15
4.163704692071458942e-15
4.158621898474215382e-15
4.149493343626624417e-15
4.145034599868308534e-15
4.138951026145951167e-15
4.131147775474942082e-15
4.120632341153504402e-15
4.116839240946917269e-15
4.104728006853298049e-15
4.101267905481250181e-15
4.085357929998130561e-15
4.084217432387991218e-15
4.069659572830524461e-15
4.066181952381600834e-15
4.048551583396067887e-15
4.043210160030471776e-15
4.039752224035683624e-15
4.024590595765475989e-15
4.022680775439046827e-15
4.008708740254271014e-15
4.002508301187402054e-15
3.999048424825547806e-15
3.988250308021040671e-15
3.982984546131018927e-15
3.981974883806134952e-15
3.962575937554105733e-15
3.961112188246838471e-15
3.955020586683406310e-15
3.951815601236250344e-15
3.945765904992588817e-15
3.933068956766731326e-15
3.927939582878893206e-15
3.925868667583335143e-15
3.914760167941655713e-15
3.908489036312810396e-15
3.902810790630312350e-15
3.889639700308118703e-15
3.883526694160255221e-15
3.876633179305966746e-15
3.871418596800479131e-15
3.861387670869569109e-15
3.856351839078405460e-15
3.853076665518931335e-15
3.838844524374504151e-15
3.832014233155479661e-15
3.820910854851797335e-15
3.818642946754468783e-15
3.802971656887400246e-15
3.795188757060051359e-15
3.791193619493857495e-15
3.784973616657701844e-15
3.771369090096905007e-15
3.766305560716275712e-15
3.758952873383197575e-15
3.753793917442268288e-15
3.745178279696994742e-15
3.737528212189538800e-15
3.734475910887079451e-15
3.725079710464382131e-15
3.721195975634913650e-15
3.717622367772242818e-15
3.710411566617141181e-15
3.698249666439745851e-15
3.696373437106429723e-15
3.690177444542208248e-15
3.677856915240051097e-15
3.670220895494789086e-15
3.661596720111189923e-15
3.656877562216756749e-15
3.638333176330306945e-15
3.632516419256349464e-15
3.624758743836102378e-15
3.618615129628869844e-15
3.608018879322307748e-15
3.605879355514175841e-15
3.595230977016712323e-15
3.591139096143334349e-15
3.581892933961447831e-15
3.571236452019779616e-15
3.567974113882615922e-15
3.562168695153537868e-15
3.559882334480423222e-15
3.553579667982898158e-15
3.545823117002933941e-15
3.535381164238832114e-15
3.523558538707856758e-15
3.519249264669412334e-15
3.509521001670942389e-15
3.502540842265081719e-15
3.501100475629052228e-15
3.492460222937977463e-15
3.484141983111738645e-15
3.472047087274817108e-15
3.470036884968667280e-15
3.463764274503547865e-15
3.455401262536578563e-15
3.442492317242263001e-15
3.434578318987903485e-15
3.419615596079072324e-15
3.414992066786903193e-15
3.411430552817657915e-15
3.399689188118932355e-15
3.395764897927343000e-15
3.387101679650814910e-15
3.374155362315657438e-15
3.373134776040201037e-15
3.360417908709389900e-15
3.351844529290320637e-15
3.345669656242882950e-15
3.341912727257923641e-15
3.334092287969124231e-15
3.323994128926301387e-15
3.319033999413189136e-15
3.307599516708245586e-15
3.302644085198218671e-15
3.296232623735016022e-15
3.288113839478429424e-15
3.281782585737967327e-15
3.281477160782571658e-15
3.273895585529780264e-15
3.253599641207431607e-15
3.242722186325536355e-15
3.238454824644179866e-15
3.229931313776572748e-15
3.222765567335536419e-15
3.217245793922681785e-15
3.213325927598920433e-15
3.206896580957337071e-15
3.187727050573603612e-15
3.181616088322228668e-15
3.173017179801792929e-15
3.164833533750568916e-15
3.155951608544667634e-15
3.146922035008684071e-15
3.135368606689773349e-15
3.134390956327413349e-15
3.128014124343157893e-15
3.107280224001161514e-15
3.101682697065012878e-15
3.094861692819529347e-15
3.086201036800132611e-15
3.084693998830786366e-15
3.070541600819876256e-15
3.056766149533798265e-15
3.055705080939921267e-15
3.049579721519364441e-15
3.044865493485051931e-15
3.038344786623480782e-15
3.025191630106832533e-15
3.022760840507520450e-15
3.005302254835054048e-15
2.997711926138717168e-15
2.987440154037140298e-15
2.982552923962023708e-15
2.974126067970215916e-15
2.969798202202867047e-15
2.957621359216724898e-15
2.953564102347122963e-15
2.943997413340523195e-15
2.933422856640408372e-15
2.926036309253050473e-15
2.916612274486426959e-15
2.911759893730185023e-15
2.893160306378899876e-15
2.886652580326586844e-15
2.881935625920788076e-15
2.875968497133605215e-15
2.865172514225277763e-15
2.858184731165705447e-15
2.853444772540487108e-15
2.840510728032572175e-15
2.830158165801597219e-15
2.820372954162492779e-15
2.807288200929724085e-15
2.795895923674490705e-15
2.781334418932254448e-15
2.772837204992985468e-15
2.765704846601835978e-15
2.760480847789104197e-15
2.743623902117088777e-15
2.735092256350943652e-15
2.722573827686265920e-15
2.714349863466474954e-15
2.702234635077244555e-15
2.696261822511710465e-15
2.687138969563088505e-15
2.671687266020243208e-15
2.668011757554647372e-15
2.657991362480072365e-15
2.649892412019617346e-15
2.632599443681158597e-15
2.629481671090546143e-15
2.625079450982506290e-15
2.619647647616728052e-15
2.599404994000874810e-15
2.587080257362779792e-15
2.576118872707482986e-15
2.572703780521976526e-15
2.563789200931893556e-15
2.555675019613228061e-15
2.547613117906849713e-15
2.533765554230092428e-15
2.527012420581454754e-15
2.522627542703888773e-15
2.507012558508554742e-15
2.486794541660929968e-15
2.472473018228890487e-15
2.460966328363563373e-15
2.455252357615350968e-15
2.444614247983380557e-15
2.427609072760109713e-15
2.416836738611292258e-15
2.403025372969458191e-15
2.390477924568422998e-15
2.358001620034898577e-15
2.343759651920767945e-15
2.330960172969351219e-15
2.314200340124270790e-15
2.307827605048093999e-15
2.277684889797791159e-15
2.262350766860560030e-15
2.236625894751636382e-15
2.220749454175434999e-15
2.199118671571141892e-15
2.166984206799225269e-15
2.141732761200470866e-15
2.108202483985661119e-15
2.081043583989129314e-15
2.063325873669651457e-15
1.961990401759682522e-15
1.928884874559926260e-15
1.871669254660867156e-15
1.860763854238553572e-15
1.729477904339361961e-15
1.600135951942056375e-15
1.464372660393150805e-15
1.192248779819239051e-15
9.292841858763854381e-16
