1.807755891645703286e+03
8.379253505655254912e+02
8.293226652648406798e+02
4.525940566957123679e+02
2.887404797516729218e+02
2.769281091950756490e+02
1.387249467065769579e+02
1.313792727665635596e+02
4.981515814389275221e+01
4.500684856543231405e+01
3.677080542848358391e+01
2.194659328008532029e+01
2.162286606403018041e+01
5.999517122568599703e+00
5.548131792297414933e+00
4.638559195579395222e+00
4.308452031364026880e+00
2.086657939966642950e+00
1.882964331587190010e+00
9.515113783909510126e-01
5.950100669309084100e-01
5.352806547392645609e-01
2.725516047237157569e-01
2.585709701845889663e-01
1.212554186767795805e-01
1.147796193274535220e-01
8.901586805383376877e-02
8.416336854509191834e-02
3.075105822603584060e-02
3.061241683869474206e-02
8.741992652584476553e-03
8.617470769944507794e-03
8.230219769228807811e-03
5.220033819209105724e-03
4.989764353250172868e-03
4.293634704038780565e-03
3.766546496221732931e-03
1.027147062518889327e-03
9.961850346132130295e-04
5.040471415291322525e-04
4.433996165115750552e-04
1.684228639862871309e-04
1.648108893687601586e-04
1.613896735263163802e-04
1.589479003341175568e-04
7.521365238905747578e-05
7.385031269534714715e-05
2.670791889680326301e-05
2.013843593724519104e-05
1.998379093916942973e-05
1.538380035292950473e-05
1.501451551079076341e-05
3.377218369768333497e-06
3.211109858238507140e-06
2.033306051672083913e-06
1.996280687046404472e-06
8.732155886797604208e-07
8.700518086269171747e-07
8.523961886130393796e-07
8.057571388716259444e-07
3.142682623026758049e-07
3.000549420939341246e-07
2.316944817402287443e-07
2.145424227613723582e-07
3.776347630321585656e-08
3.620277008906117613e-08
2.870271875923270000e-08
1.741342803317331342e-08
1.586050086021094521e-08
1.354218879088051943e-08
1.276594360794707505e-08
6.191318417748440089e-09
5.751706288301608778e-09
3.527082255147369257e-09
3.381770075880925039e-09
1.643344628267968771e-09
1.617483627731155995e-09
5.914490633876940139e-10
5.384564839137081377e-10
2.646550900393757517e-10
2.478269979270582290e-10
2.103086140436582663e-10
1.890404573835453482e-10
5.371096737390212594e-11
4.884607865832033941e-11
2.464458041400772794e-11
2.421108497690012102e-11
2.370963932526148192e-11
2.313809095306417280e-11
1.156602012146170352e-11
6.797092206654189135e-12
6.680632966250860659e-12
6.407562787424229172e-12
6.219712659047051544e-12
1.386264495493040360e-12
1.255764452468581635e-12
1.060504996334991749e-12
1.004058463364107872e-12
4.946969303174059095e-13
3.210640313791251472e-13
1.916373487675207432e-13
1.866153548030867127e-13
1.605900314709005346e-13
1.567972366399644228e-13
1.482618341324863258e-13
1.437336493072698828e-13
1.419598849670022358e-13
1.347301028891294094e-13
1.327142966952841860e-13
1.279093296136946776e-13
1.267933166119543834e-13
1.237603268469798844e-13
1.218896533538503412e-13
1.133069883873089429e-13
1.032421829295386429e-13
1.024474057640043920e-13
9.710628773406395900e-14
9.520860426958307063e-14
9.162184494958386890e-14
8.792885762346011862e-14
8.520440123509986309e-14
8.229639713656496083e-14
8.095644885644297106e-14
7.869346861512581208e-14
7.812015443136605300e-14
7.464075130981283486e-14
6.961308517706429771e-14
6.613883319661593004e-14
6.557534660222470915e-14
6.270491386967732515e-14
6.257069726340156445e-14
6.154774566075467392e-14
6.017917107511705813e-14
5.935130808246793436e-14
5.761421747051386370e-14
5.693705432513103703e-14
5.461858115550164526e-14
5.385526466052542016e-14
5.284243494473312654e-14
5.257587821513207408e-14
5.145464606128705885e-14
5.083004574864848806e-14
5.012087471823333556e-14
4.913829108397281493e-14
4.843345955811164095e-14
4.810276938884055096e-14
4.743606769056254354e-14
4.733329486434691582e-14
4.694292009195062223e-14
4.626568165099999887e-14
4.570874733801726119e-14
4.508106871480158860e-14
4.466663673727464037e-14
4.366092592207020847e-14
4.348178674436957458e-14
4.278053368800395346e-14
4.211093534735041219e-14
4.191029308855185087e-14
4.155831481540169719e-14
4.113949692052346699e-14
4.095020696202864005e-14
4.048616863346402389e-14
3.998686686587018009e-14
3.987232826695169346e-14
3.970441894724961297e-14
3.926533284537290684e-14
3.897135102764717650e-14
3.874959054209563751e-14
3.856294502997650783e-14
3.850445356999671014e-14
3.821178498580694963e-14
3.806579406262888733e-14
3.790857273689572595e-14
3.770979539844428738e-14
3.758694891865571881e-14
3.732020635068810257e-14
3.711321859757520592e-14
3.695291027283185083e-14
3.677035844185032303e-14
3.665435888934973534e-14
3.660327666059497473e-14
3.631847720996341396e-14
3.615236050067571648e-14
3.599212482684876329e-14
3.576634710346668396e-14
3.560295830304663299e-14
3.548415545263211206e-14
3.541189397540935383e-14
3.523395256552290362e-14
3.511380133082055745e-14
3.507915800927890443e-14
3.498128867958644237e-14
3.490700612614822640e-14
3.473234051717620195e-14
3.469232660936649189e-14
3.456273041070134683e-14
3.445710483429747249e-14
3.436828254467933944e-14
3.422099760353318351e-14
3.420402888045473332e-14
3.416709984422267086e-14
3.399961913874772060e-14
3.393582611661639786e-14
3.380895516660486288e-14
3.372524677324831552e-14
3.366982730292149230e-14
3.355811208682178840e-14
3.348745282343557025e-14
3.340013661221984261e-14
3.334082237482062334e-14
3.322950884754193394e-14
3.309837813306457234e-14
3.304646024303965947e-14
3.293055019447824522e-14
3.291944442693321874e-14
3.277505030282397522e-14
3.265192941701246518e-14
3.258477132663776370e-14
3.255481381446222668e-14
3.246013932488972737e-14
3.241422342639155078e-14
3.233309027490479645e-14
3.229139693306469922e-14
3.218754294252099462e-14
3.212092249063784381e-14
3.206003144439235718e-14
3.201020477300847578e-14
3.193169636883527373e-14
3.177743417675310785e-14
3.175573303504906483e-14
3.165072131162362785e-14
3.161251126211915450e-14
3.155087316312408096e-14
3.148442241734271030e-14
3.135226935543304624e-14
3.130418875713635897e-14
3.126467474629706482e-14
3.122954462931186537e-14
3.115193778001746845e-14
3.112839920683153550e-14
3.104907118034962084e-14
3.101480445438385446e-14
3.100483605048670732e-14
3.087233887470938804e-14
3.085729088337733676e-14
3.074072459806167316e-14
3.070183256136572264e-14
3.063299107666266618e-14
3.053145418310593825e-14
3.048277463959710553e-14
3.045382163900726471e-14
3.036837884430549796e-14
3.033278237053601934e-14
3.022516927085063953e-14
3.019748519465034137e-14
3.008956931473251983e-14
3.005443298448242974e-14
3.002277192072414334e-14
2.994986690752460639e-14
2.990259464518799480e-14
2.985708171964175626e-14
2.982307963275986647e-14
2.975324843780126946e-14
2.973862200966875580e-14
2.968446499960256897e-14
2.958092962444870072e-14
2.954510688225673694e-14
2.943407132310746157e-14
2.936525795861802357e-14
2.932865215282805788e-14
2.925876622919073860e-14
2.924345348602296572e-14
2.915479533722205986e-14
2.912664223975729895e-14
2.905453183688011633e-14
2.902054647965682819e-14
2.898836399027609898e-14
2.895341372846307943e-14
2.889708767046938879e-14
2.880326194711416597e-14
2.873388385130919426e-14
2.868032664059253726e-14
2.862046778893649699e-14
2.858609287910277259e-14
2.851551419896822142e-14
2.846756794894660090e-14
2.840011288327688342e-14
2.834676871635234026e-14
2.826736681201869331e-14
2.825069733549429492e-14
2.819156255554449511e-14
2.812304056137033918e-14
2.811135727289948646e-14
2.809594969988527297e-14
2.800318049147605726e-14
2.792191049743577219e-14
2.787968086809154598e-14
2.782686643199808128e-14
2.780796604130560310e-14
2.773696778684015331e-14
2.768310853696034594e-14
2.764456774290659970e-14
2.760293519777470749e-14
2.757669050024118352e-14
2.751203155520367955e-14
2.742970607341637088e-14
2.737501127206728223e-14
2.736396275971291076e-14
2.732509562231362315e-14
2.728948903623354594e-14
2.726092890128385102e-14
2.721153021138598029e-14
2.714947869486622791e-14
2.709383747172228822e-14
2.708288317371816002e-14
2.702196106249033764e-14
2.697488176357382932e-14
2.692149247209586292e-14
2.689172035756132388e-14
2.684083215661310533e-14
2.680902758259485041e-14
2.678626749181438971e-14
2.670471452753422985e-14
2.667743430084109702e-14
2.662250365642667619e-14
2.660189295821794262e-14
2.655671465342487663e-14
2.649743833542259477e-14
2.644855287138211003e-14
2.640603307636651525e-14
2.638914897795955157e-14
2.630291810329698163e-14
2.626244260889155927e-14
2.621232111237000609e-14
2.619083943903024098e-14
2.613224645881205833e-14
2.607047190400172398e-14
2.604135444575525248e-14
2.598490291713846478e-14
2.596905007494570132e-14
2.592223495370568501e-14
2.586508729207384638e-14
2.585000775795463214e-14
2.576032713723279582e-14
2.572535800146436008e-14
2.564787308055610377e-14
2.562353264766391976e-14
2.558528736599577611e-14
2.556841602930054363e-14
2.552906258721333885e-14
2.546017514106910490e-14
2.542588933233542152e-14
2.540656232448985824e-14
2.530862396562628527e-14
2.526251593875783998e-14
2.525611472154345373e-14
2.518506417979275352e-14
2.515699721723889657e-14
2.512525170421351029e-14
2.507154896832226750e-14
2.503450262628527328e-14
2.498632951207334022e-14
2.495015630596312009e-14
2.493057750493749399e-14
2.488785843406055183e-14
2.483337714764288298e-14
2.482496937819915369e-14
2.481609678707581181e-14
2.468023677151108384e-14
2.465489033671519355e-14
2.461977817908280623e-14
2.461078787906629683e-14
2.456955348433094223e-14
2.449043050941083900e-14
2.446457528872988553e-14
2.442155693282422355e-14
2.441596795932163188e-14
2.435711512260870479e-14
2.432415638130525584e-14
2.429302847149519327e-14
2.426092075447802145e-14
2.420452335907352083e-14
2.417250823760131294e-14
2.413854495686812623e-14
2.406158941812434582e-14
2.402216870314624772e-14
2.399628618686894793e-14
2.396161200827329521e-14
2.392886358296386858e-14
2.391387833956279582e-14
2.385941463769815127e-14
2.383405794343710421e-14
2.381102498047421586e-14
2.376859833969666328e-14
2.373007792181076593e-14
2.367605453425570441e-14
2.365502389916885935e-14
2.359883026275626824e-14
2.357785130304469789e-14
2.352246344226365076e-14
2.346581678618261111e-14
2.342687246689061396e-14
2.340582193206447523e-14
2.335525063722731258e-14
2.333228059611100059e-14
2.331042294104009111e-14
2.325485702437750741e-14
2.324402320286015287e-14
2.318578264269970503e-14
2.316224831967024189e-14
2.310930188325510031e-14
2.308661185561048162e-14
2.307809521486592295e-14
2.299767336480838708e-14
2.297239807953473247e-14
2.293254598429513839e-14
2.291150341036906644e-14
2.288329206452575177e-14
2.283757006948771140e-14
2.277971276145121360e-14
2.276361968107961981e-14
2.272521699149913180e-14
2.271462457780309087e-14
2.265587459839614741e-14
2.262318529507133587e-14
2.259668383039925069e-14
2.255277397246747479e-14
2.249910661539695746e-14
2.244760054643021158e-14
2.244480499865966504e-14
2.239631198586804844e-14
2.235111149984878735e-14
2.232165685641783439e-14
2.230747843422723387e-14
2.223011302041980859e-14
2.221730564444247779e-14
2.218819695375975138e-14
2.214362485986063490e-14
2.209021028845806922e-14
2.208651768273012713e-14
2.205858446682957155e-14
2.203431844242098311e-14
2.199869320902175680e-14
2.193381324074691791e-14
2.191291683877598457e-14
2.190782025265069042e-14
2.184266612619729867e-14
2.180389990581719677e-14
2.179087614475385045e-14
2.175533646725032322e-14
2.171028232249975132e-14
2.170334562041368057e-14
2.168828089281515004e-14
2.162802834916608728e-14
2.160398540571952503e-14
2.157508204720990148e-14
2.154019444189027664e-14
2.147332759633868141e-14
2.146730375523018260e-14
2.143301282849926337e-14
2.141007328938787059e-14
2.137658412866327283e-14
2.134997941997123101e-14
2.132262251918273902e-14
2.128096963169287581e-14
2.124844725604668952e-14
2.122146044250990832e-14
2.121359768839000691e-14
2.119804937486886519e-14
2.115793425665225838e-14
2.113269625135200929e-14
2.109258547745344643e-14
2.102346101336963046e-14
2.100262936201700884e-14
2.098667877856011969e-14
2.095190320445297125e-14
2.092887680606043572e-14
2.089968074815101130e-14
2.086345687389567261e-14
2.085533957342430661e-14
2.082825088627789453e-14
2.078357390385508228e-14
2.072932327008268284e-14
2.070427941116409735e-14
2.065331563556800441e-14
2.063128897790675227e-14
2.061997227792905085e-14
2.057715464486707324e-14
2.056017604558155956e-14
2.053144894584023681e-14
2.048811113538129092e-14
2.045612937185206542e-14
2.043656748652255001e-14
2.041870836416479305e-14
2.036369598382387848e-14
2.034674198404191128e-14
2.029698750949989744e-14
2.027661072723585290e-14
2.024434491391515712e-14
2.022374066406099581e-14
2.019032170816697200e-14
2.017040302238445593e-14
2.012470207793819471e-14
2.009074153265677947e-14
2.007428585158624447e-14
2.002910312585305902e-14
2.000609015049346091e-14
1.999120695267269925e-14
1.997167583849534594e-14
1.992192502267545566e-14
1.988870852101749801e-14
1.986373458423295169e-14
1.984571542065371029e-14
1.981677988444919774e-14
1.978882255263597151e-14
1.976688694233676947e-14
1.972952587322363285e-14
1.970523231850688086e-14
1.967134200584302125e-14
1.963240868200894719e-14
1.958628153721572702e-14
1.955080182119921704e-14
1.952276880873038530e-14
1.947752999790830611e-14
1.945560370678289050e-14
1.941865875370734738e-14
1.939025746797675727e-14
1.937853751715213954e-14
1.936126766362799455e-14
1.929904195614975862e-14
1.926772782473965777e-14
1.924242996329356979e-14
1.921290496312008546e-14
1.919000231657701677e-14
1.914513098779186174e-14
1.912070169685195092e-14
1.909909345300011007e-14
1.907172394026522439e-14
1.904566892506198031e-14
1.901723657121042618e-14
1.900918635700961509e-14
1.897966413125384756e-14
1.893764730406444496e-14
1.889876771810103948e-14
1.888581469820620431e-14
1.884742561020913123e-14
1.883914377717738744e-14
1.881618912295097752e-14
1.880167707170140770e-14
1.874227874799503660e-14
1.871400638195707044e-14
1.866719247940377406e-14
1.864990747906854679e-14
1.863458927039284077e-14
1.859202103938760583e-14
1.856735256728173855e-14
1.854825991204648484e-14
1.852984946516045001e-14
1.850859940788339739e-14
1.845581279722853039e-14
1.841068184061949334e-14
1.838822649816809622e-14
1.835744664199777047e-14
1.835059075284602528e-14
1.830905877476444256e-14
1.829607046490079742e-14
1.824821856276528879e-14
1.823285146823006846e-14
1.821211645381083996e-14
1.818268135520741245e-14
1.817123544074481234e-14
1.814593122445125256e-14
1.813269040249664925e-14
1.804671827312891761e-14
1.804115240596793674e-14
1.801401479969244852e-14
1.800431276719479206e-14
1.796162291951860990e-14
1.794952002319265876e-14
1.790432828344765811e-14
1.786824042192182150e-14
1.785193753829180926e-14
1.781653567636527189e-14
1.780302150863364010e-14
1.779169157983298937e-14
1.776810522139325141e-14
1.774970920692148333e-14
1.772105340752894732e-14
1.767652219877135696e-14
1.763883649490184354e-14
1.762315493724350061e-14
1.761509167927481135e-14
1.759448377610696630e-14
1.757394043063487533e-14
1.755209370214076036e-14
1.751910465681513599e-14
1.751625592453860346e-14
1.747790429300594372e-14
1.746212760629033668e-14
1.741331016170593273e-14
1.737665347188411442e-14
1.736141944286954278e-14
1.731203490779316685e-14
1.729478852677547328e-14
1.726392888519063837e-14
1.722497583353535594e-14
1.721751098511357134e-14
1.719244022172051483e-14
1.717016184899323223e-14
1.711983153418262658e-14
1.710284920710344551e-14
1.707801234152543884e-14
1.702846761304986013e-14
1.699168047965186537e-14
1.697518875119167603e-14
1.695024119111908960e-14
1.690787674572159348e-14
1.689926810281615625e-14
1.688375830779154599e-14
1.685948717761294897e-14
1.683864139483858955e-14
1.682180525324019210e-14
1.679347041737043969e-14
1.676490064541328719e-14
1.672882068519259429e-14
1.671624387772923680e-14
1.669154219331830342e-14
1.668306709010410091e-14
1.666595832460198599e-14
1.660713288517999518e-14
1.659928662055221427e-14
1.657631848207425039e-14
1.655387562884030258e-14
1.652267713062985912e-14
1.647834975032825614e-14
1.646324982620260689e-14
1.644353531467110399e-14
1.640203575695890429e-14
1.638962541086041974e-14
1.636835334322960011e-14
1.634447253630551732e-14
1.633016613358462652e-14
1.631554931152310262e-14
1.628525005107314833e-14
1.626048064362270821e-14
1.624055113745628704e-14
1.621894467600661252e-14
1.617901614232486841e-14
1.617514653989375620e-14
1.612329178055929510e-14
1.611110924011750176e-14
1.608386056436523923e-14
1.605818626233399153e-14
1.602289167189535746e-14
1.601790993384309052e-14
1.600296040057385365e-14
1.596097413213969246e-14
1.594525434458028115e-14
1.591821562823677059e-14
1.590707178754764012e-14
1.588209706565827089e-14
1.585515385435408757e-14
1.581546789454764367e-14
1.578811494667697548e-14
1.573876334810974527e-14
1.572561165632767346e-14
1.571439193687905937e-14
1.570612513746135131e-14
1.566688577415445237e-14
1.564069703524553617e-14
1.562204953122034178e-14
1.557693246747811584e-14
1.554851593167975743e-14
1.552111480625950184e-14
1.549455313995282250e-14
1.548956019741511971e-14
1.547441541652418374e-14
1.543964872933633780e-14
1.541526681493284891e-14
1.539639081951029324e-14
1.537918155627364086e-14
1.536174154039681827e-14
1.532079332198054930e-14
1.531308543954593772e-14
1.528624705199565636e-14
1.526167757663663825e-14
1.523208928358582198e-14
1.521225035334248823e-14
1.518968026089124272e-14
1.518508247908798664e-14
1.516490830050834674e-14
1.513611361451369790e-14
1.512508565641469878e-14
1.508772795128814902e-14
1.507864861969154990e-14
1.507146086645537619e-14
1.504469439209991018e-14
1.503283202545556460e-14
1.499781492873280830e-14
1.495368979135537216e-14
1.493956489809296351e-14
1.490420310798447352e-14
1.489001628715818104e-14
1.485439112189011641e-14
1.484284907281242753e-14
1.480022931809507487e-14
1.477953573780186386e-14
1.475934892777942647e-14
1.473553422085992295e-14
1.472093302286093523e-14
1.470974920129037035e-14
1.467135039763274713e-14
1.464463341516507157e-14
1.462395844314738045e-14
1.460185785254080479e-14
1.458065009401003002e-14
1.455726465544566949e-14
1.453987842880420855e-14
1.451797877137482710e-14
1.449070145008862212e-14
1.444718796133290272e-14
1.443720706907117850e-14
1.442401028209154223e-14
1.441584896592242328e-14
1.439405191938562735e-14
1.437529871604362131e-14
1.433910345012059553e-14
1.429961382238265946e-14
1.428543005047603878e-14
1.427517605576265030e-14
1.421744612707168109e-14
1.419891905089255447e-14
1.418810368967894906e-14
1.415379899410058176e-14
1.413936358459585907e-14
1.412918711002269244e-14
1.408474428951029664e-14
1.406401092126813903e-14
1.404900451418655275e-14
1.404358161387547308e-14
1.403289804807441426e-14
1.398766039558672290e-14
1.397646806600483056e-14
1.394278113888138372e-14
1.393989519437114775e-14
1.393567844548859792e-14
1.391354063814191146e-14
1.389069544891539584e-14
1.385246620526539090e-14
1.384438526509761462e-14
1.379923509831817603e-14
1.378147664512216997e-14
1.377665426502307216e-14
1.374965652880865447e-14
1.372610245128533356e-14
1.368862237230164993e-14
1.368589250460144061e-14
1.367123283890562172e-14
1.364096352583832095e-14
1.362063833297029313e-14
1.358457477458295261e-14
1.356980757458339935e-14
1.355833888614989054e-14
1.354458796778595363e-14
1.350404069454730418e-14
1.349690990717638782e-14
1.347058799722059672e-14
1.344099410535927799e-14
1.340716707195806185e-14
1.339157112888274556e-14
1.337034926789856226e-14
1.336042483098229136e-14
1.331277951410460603e-14
1.329820031187515527e-14
1.325072535075149168e-14
1.323987965569322981e-14
1.322954141628248958e-14
1.319579927406881567e-14
1.317599145772952528e-14
1.313594089759879108e-14
1.313008318966211902e-14
1.312166823678983429e-14
1.311816696189976686e-14
1.308251204181797264e-14
1.304012587047689472e-14
1.300836017777686513e-14
1.299455792273224012e-14
1.298091663456119310e-14
1.297561998380659309e-14
1.292135938070607775e-14
1.290352954649082261e-14
1.288989422835716179e-14
1.287184775870265505e-14
1.286324926781205666e-14
1.281703657972853514e-14
1.280294376077455871e-14
1.279018397845909115e-14
1.278320645545619467e-14
1.275052647946369526e-14
1.271876343900098673e-14
1.270435291087059410e-14
1.268374608741678048e-14
1.265609593921238928e-14
1.263228580367481305e-14
1.261440363484280780e-14
1.260657998628648130e-14
1.259355721901179077e-14
1.251981387957377559e-14
1.251562678777792870e-14
1.251212701452677949e-14
1.249226672568627147e-14
1.248387807861349963e-14
1.245137514612851846e-14
1.244638592201402089e-14
1.241795827775849498e-14
1.241327273934724142e-14
1.234937248578741974e-14
1.232406964114975764e-14
1.231682494864123948e-14
1.227997827472559072e-14
1.226587082609120340e-14
1.225371433583467567e-14
1.223978730232631347e-14
1.220623523926979582e-14
1.219440002469040553e-14
1.216992683896747959e-14
1.214026376180397885e-14
1.213560094603424245e-14
1.211161146476383963e-14
1.210826631658874900e-14
1.208717904439050189e-14
1.205459805359001787e-14
1.203090483024003601e-14
1.202423320231791509e-14
1.199208366740344691e-14
1.198761180835075732e-14
1.193915339748892334e-14
1.191425171858206312e-14
1.190108386195495096e-14
1.187129990498396666e-14
1.184915697370642983e-14
1.183695428502191930e-14
1.182579434481816522e-14
1.177619622494551557e-14
1.176232175640872836e-14
1.173772830586895576e-14
1.172224847422163666e-14
1.170049786101009409e-14
1.167477713442103416e-14
1.166018323004301608e-14
1.165222394833187150e-14
1.160965829434275709e-14
1.160351550646875456e-14
1.157877680515479636e-14
1.156892594184464943e-14
1.155365464961664067e-14
1.151384052682391746e-14
1.150528074997272644e-14
1.148594020438382685e-14
1.145184531535552636e-14
1.141835673129486254e-14
1.140038300469227831e-14
1.138853883466859133e-14
1.137870631289810983e-14
1.134929994338616340e-14
1.133909770767109211e-14
1.130362565158104945e-14
1.128603742065705521e-14
1.126722576307966391e-14
1.125199827640317542e-14
1.123116418302761354e-14
1.120888992105629403e-14
1.119052169054400316e-14
1.115834814017215697e-14
1.115179330777967911e-14
1.112920681568177682e-14
1.110489584519414440e-14
1.107886632421488300e-14
1.105775141941416508e-14
1.103458434086353718e-14
1.102165006657048196e-14
1.096739074247798484e-14
1.096148329257334571e-14
1.094804514411859404e-14
1.092080484163637460e-14
1.091282591088763282e-14
1.088304987021852081e-14
1.087941434139807750e-14
1.085240902412236714e-14
1.081866164367771003e-14
1.079779697524957686e-14
1.075237783709207351e-14
1.072009393123469147e-14
1.071314802360029226e-14
1.066809570361304046e-14
1.064790638954413677e-14
1.061132230044336843e-14
1.059438579823243382e-14
1.058576590680080377e-14
1.056840207319403306e-14
1.056131447928332106e-14
1.054400195666256360e-14
1.052764357008502833e-14
1.050611322290146833e-14
1.048804314288714113e-14
1.046566613931697526e-14
1.041530022813150584e-14
1.038583321501783970e-14
1.036974961364311605e-14
1.033081553719100528e-14
1.031452159487455527e-14
1.030357483875783223e-14
1.028282932601610729e-14
1.026841417013591441e-14
1.024244214440941972e-14
1.023104237214002922e-14
1.021423123387637581e-14
1.018799827019973110e-14
1.016701685731062946e-14
1.013039332767802926e-14
1.011112713795091132e-14
1.006038388211021918e-14
1.004198880334240437e-14
1.001523667608611910e-14
9.997672422943938343e-15
9.978487183752715332e-15
9.950093792431564383e-15
9.927558188354377252e-15
9.912489026695875474e-15
9.867683363287142791e-15
9.864221327582872339e-15
9.831157537738214930e-15
9.807110560154844739e-15
9.794591614875749057e-15
9.773074234497382099e-15
9.752833236568436687e-15
9.729022484189691561e-15
9.710826802723291269e-15
9.694786870176762110e-15
9.658574087566718634e-15
9.620312395985114400e-15
9.595925558623601529e-15
9.586326867347351357e-15
9.569481795350811097e-15
9.544316092321535958e-15
9.536228455458905070e-15
9.517125003882970794e-15
9.480966300883062522e-15
9.460480314423742820e-15
9.448478813312216580e-15
9.382048295729131302e-15
9.352354933267030861e-15
9.333758957316271360e-15
9.291429884829831279e-15
9.278315758436960112e-15
9.243094921741042822e-15
9.218009764029169511e-15
9.168527933442901662e-15
9.164390918482855249e-15
9.146146771034585079e-15
9.083937242873301555e-15
9.081293704424490292e-15
9.040085008178882106e-15
9.030851292294305871e-15
8.967564683869223964e-15
8.953947872375951099e-15
8.929412339237936357e-15
8.891845489388583436e-15
8.867755626484735968e-15
8.853676559557104061e-15
8.805054121417335161e-15
8.765775021722208322e-15
8.760677757493656185e-15
8.732958863688467489e-15
8.678136962908495444e-15
8.668015095084350611e-15
8.620351982839533406e-15
8.598590247762265796e-15
8.554237946775866625e-15
8.481112089733626019e-15
8.452177149616355380e-15
8.402603350488237742e-15
8.366897531883637324e-15
8.336480348566619287e-15
8.255051299620550475e-15
8.215155170987698071e-15
8.192005465900537179e-15
8.127329432106240054e-15
8.079781619014567797e-15
7.992338679847050383e-15
7.969617625288664668e-15
7.952748343097990097e-15
7.919659250816533285e-15
7.712261837614725301e-15
7.561911076251619777e-15
7.523328702013265480e-15
7.401962131367921581e-15
7.349870541994853665e-15
6.997773661108229117e-15
6.921677563689983401e-15
