2.718522838492854135e+03
6.623702705037053420e+02
6.451977858796396958e+02
1.259153101633334870e+02
3.333478766122139803e+01
3.158579577674871786e+01
4.891259631422093079e+00
4.613551685836147165e+00
3.282396439497516361e-01
3.158691013341074494e-01
1.698777102630899816e-01
5.016180937348321128e-02
4.378001604820476456e-02
1.688981800748910527e-03
1.599072548249112335e-03
9.966323183733067845e-04
8.750587195265759717e-04
1.195338422119249385e-04
1.106390764727122321e-04
1.814801468433457890e-05
4.790096602700326259e-06
4.182579181967596397e-06
6.823160191208809151e-07
6.241498014547525142e-07
9.060398323996419548e-08
8.749216425350667715e-08
4.612421581951439098e-08
4.356810005024793554e-08
3.378212351901408212e-09
3.130125819157288054e-09
1.322441075067430954e-10
1.239460577549787708e-10
1.151987630552452511e-10
3.564872802849690541e-11
3.221577350442656593e-11
2.012637105949504772e-11
1.653366880460100948e-11
8.575683350057058279e-13
6.169569857760775567e-13
6.039318239829311273e-13
3.007802839588905080e-13
2.625134092000131406e-13
2.543438054985251247e-13
2.323421647687346646e-13
2.058217262515053206e-13
1.972400687439428760e-13
1.905394404623574489e-13
1.731024883501664155e-13
1.481889347778060738e-13
1.331117683393655987e-13
1.199557318732145901e-13
1.145363551191606743e-13
1.098316935338148306e-13
1.055563610563766569e-13
1.009728209402335135e-13
9.794154877230711597e-14
9.621090978498323879e-14
9.325421920810649036e-14
9.033036393839283088e-14
8.880375053547800408e-14
8.744994908028036626e-14
8.599503245595752427e-14
8.491106751092385700e-14
7.824161156994950172e-14
7.557524123241328796e-14
7.465211395739804068e-14
7.399953066894034950e-14
7.308563172083911293e-14
7.141026433711384991e-14
6.914157720218093157e-14
6.784083840374901259e-14
6.701698603225820221e-14
6.524652798821672152e-14
6.366988265062707089e-14
6.241668759273946681e-14
6.094958986824927909e-14
5.935821403655821749e-14
5.670300414005126279e-14
5.583444929823667898e-14
5.527640430108202002e-14
5.452342303985359356e-14
5.402269114858626938e-14
5.311548287459684327e-14
5.288441073112372651e-14
5.264198559336658787e-14
5.237384394706128403e-14
5.226405755373754047e-14
5.185937497562829843e-14
5.128897640589488272e-14
5.112592549860529757e-14
5.054651451559539138e-14
5.042747582125949167e-14
5.009236451210392014e-14
5.003211866568508980e-14
4.948037332791525678e-14
4.943553459339492249e-14
4.914934742458775459e-14
4.893569920482323651e-14
4.845058726510409688e-14
4.808281942348063331e-14
4.779242975653489563e-14
4.764457363807207086e-14
4.742607592249172688e-14
4.710543722947101848e-14
4.687005425739567951e-14
4.671443425916574222e-14
4.636413277676908584e-14
4.626077183703656176e-14
4.610384390550064450e-14
4.581525334663119644e-14
4.559333506788418546e-14
4.546035036005827114e-14
4.538982182934892953e-14
4.536584545861901398e-14
4.515588691363153455e-14
4.507709868019837071e-14
4.473025872541145945e-14
4.465890058046840813e-14
4.459522208839105283e-14
4.453501586135654098e-14
4.448235793400241523e-14
4.422050300837884277e-14
4.412553736952088140e-14
4.404560121593386916e-14
4.399836264119520633e-14
4.379364722674530198e-14
4.371412985570457846e-14
4.361382851120390589e-14
4.356630519050375572e-14
4.343826047513349799e-14
4.341360761259845127e-14
4.337971096619243388e-14
4.322001219983128039e-14
4.321210336502824320e-14
4.281839029577785583e-14
4.269519050721161038e-14
4.266972389855073508e-14
4.259057186484917790e-14
4.250167691858928613e-14
4.242192264970197780e-14
4.235110865777164135e-14
4.226816760719607864e-14
4.213036528776618095e-14
4.209138516611672361e-14
4.204284363720452541e-14
4.192619295614526753e-14
4.188024945163167811e-14
4.172812907379871242e-14
4.165629720588211312e-14
4.160313703886660641e-14
4.150251147768332587e-14
4.147221430767622352e-14
4.134944928967757514e-14
4.130260249610265459e-14
4.122891950714207557e-14
4.116301759130503400e-14
4.112736693640432281e-14
4.104975503683909034e-14
4.095877592648016660e-14
4.090332038762898520e-14
4.086487126613042023e-14
4.074914505970999817e-14
4.068233868138777530e-14
4.053591957117489578e-14
4.051328998504586364e-14
4.042513026746363447e-14
4.038247689071126970e-14
4.036483541048862342e-14
4.029190376212610235e-14
4.018979818702624399e-14
4.014572143702796182e-14
4.007800288712250946e-14
3.999358361724444287e-14
3.989237755706681521e-14
3.980551794886974255e-14
3.979745292007503261e-14
3.968002399302285020e-14
3.961826766278785218e-14
3.956826710821646760e-14
3.948208839732681750e-14
3.945027381889538302e-14
3.940135761296767716e-14
3.929701283279199038e-14
3.922522017451191951e-14
3.919935872369392782e-14
3.918795435733013863e-14
3.901149679584641812e-14
3.896041499810970610e-14
3.888405729455779919e-14
3.884347304445298838e-14
3.878272853499829139e-14
3.871334438106452723e-14
3.868970051581641251e-14
3.860937066775842369e-14
3.856064893935373530e-14
3.848563050895639507e-14
3.843774949469307034e-14
3.839984402856134851e-14
3.827259339149138171e-14
3.824032840551920595e-14
3.820121659044961380e-14
3.814514397874099742e-14
3.812689515204678130e-14
3.805467376491158414e-14
3.803584364260701977e-14
3.797678168228866049e-14
3.795588481657099450e-14
3.791998709969085806e-14
3.785560670551063009e-14
3.779703642319567000e-14
3.770037265381551234e-14
3.762259702606845230e-14
3.757169968729695822e-14
3.751831955560328089e-14
3.743878175251096576e-14
3.740192145854474873e-14
3.730671598466544530e-14
3.726200701481014598e-14
3.714313530652379170e-14
3.709381821880671225e-14
3.707818731651864599e-14
3.699851757551534980e-14
3.694410610203810796e-14
3.692234379609335536e-14
3.687496218790809506e-14
3.683841122635760947e-14
3.681963964901638644e-14
3.671153854994588850e-14
3.666577082354851492e-14
3.660615067261635039e-14
3.658342479539086469e-14
3.651603270678065999e-14
3.645634827340235034e-14
3.640634989491739802e-14
3.638653490394620325e-14
3.626947024949741870e-14
3.622569535787736402e-14
3.614367604820098413e-14
3.611890847210575149e-14
3.606579463694514977e-14
3.598464003903327868e-14
3.591844175791339627e-14
3.589925439934068793e-14
3.586918187851694630e-14
3.585319626016734144e-14
3.580311733465446390e-14
3.574084180212322312e-14
3.569675583543101765e-14
3.563833213598211115e-14
3.555008156360527906e-14
3.550028658573420061e-14
3.548597087405183266e-14
3.540167047348916013e-14
3.534195627149521995e-14
3.530912084273281335e-14
3.528013018044494359e-14
3.524448596555049795e-14
3.515637508850416160e-14
3.505449043896382065e-14
3.502984955921851526e-14
3.500850778037507593e-14
3.495739844373666204e-14
3.491089060412709017e-14
3.486707361400691062e-14
3.484434305357436540e-14
3.471102280815123981e-14
3.468054512022171405e-14
3.465536337404250285e-14
3.460130810124629307e-14
3.454617162262227457e-14
3.449984748153169687e-14
3.445592550070918339e-14
3.439342854852624563e-14
3.436333882538927662e-14
3.434870094540758829e-14
3.429602514275251454e-14
3.425171607194541409e-14
3.421324241283425903e-14
3.412543627741086708e-14
3.408371461013547283e-14
3.402862151188099629e-14
3.400965164832416563e-14
3.392280374621963718e-14
3.389987628322277726e-14
3.381428392752395512e-14
3.376189498417138517e-14
3.372116431206169811e-14
3.370810452166501044e-14
3.366328924337373693e-14
3.362758854912935441e-14
3.361204503714857633e-14
3.352559377178425175e-14
3.346649652908216312e-14
3.342887962315667331e-14
3.336323111072960462e-14
3.331433089315266699e-14
3.328403060324434952e-14
3.324704688123897736e-14
3.319563806888799437e-14
3.311646975062188266e-14
3.309374075698933078e-14
3.298338409605511644e-14
3.294139729344284980e-14
3.287112779340660130e-14
3.285617868975801850e-14
3.284961209814972098e-14
3.278763184698826822e-14
3.274501196314639501e-14
3.269656122829857013e-14
3.266065783049445140e-14
3.256631425211556054e-14
3.255378456788928845e-14
3.254747370018314318e-14
3.251178382482386790e-14
3.250376416434089122e-14
3.243794849628484886e-14
3.238762610269462538e-14
3.236859359629575473e-14
3.226636919092762144e-14
3.224234091966299060e-14
3.221860325670354864e-14
3.217674080570540313e-14
3.213369251816415863e-14
3.202709411166491735e-14
3.200755949785156087e-14
3.197686880364674806e-14
3.195403529874022199e-14
3.189710282240999792e-14
3.178814589923763732e-14
3.172855512779827726e-14
3.171976378424302193e-14
3.162614460042930437e-14
3.162031214308075986e-14
3.159670770973912079e-14
3.155344779932677308e-14
3.147238398189090010e-14
3.144804917817365649e-14
3.139233522120190068e-14
3.138267210330054001e-14
3.131958460390073886e-14
3.125900844126099669e-14
3.123979396369894395e-14
3.122192038983767909e-14
3.114638896377348639e-14
3.110453811330327606e-14
3.108615350976490351e-14
3.104346890058553333e-14
3.100813165212977194e-14
3.095286261620327138e-14
3.092405310970785630e-14
3.084052511456137631e-14
3.080654033023778771e-14
3.079233770849918676e-14
3.074842009902795177e-14
3.065110077813739970e-14
3.059437348993610735e-14
3.056741159744816272e-14
3.055655379616339078e-14
3.051648573264165435e-14
3.049291638944959435e-14
3.045108355582065865e-14
3.040654118834489985e-14
3.033660365785107592e-14
3.030961472011062257e-14
3.029000860500339878e-14
3.021728751018108504e-14
3.020497347597696793e-14
3.018538340231452422e-14
3.013058647940499242e-14
3.006687398697720598e-14
3.004457701400308900e-14
3.000593612813028066e-14
2.991867038566705350e-14
2.987785928483939822e-14
2.984295834810467764e-14
2.982839436140971606e-14
2.976977425650530378e-14
2.974696773674666770e-14
2.970949297062835154e-14
2.964937261282177710e-14
2.958660888163300673e-14
2.955242964396491168e-14
2.949168945662400772e-14
2.946625451713325925e-14
2.942780270845161766e-14
2.939261214578519800e-14
2.935394651246927375e-14
2.929050120918699714e-14
2.926848024243445021e-14
2.922539629202824287e-14
2.920425093712795883e-14
2.917171475545384903e-14
2.913988614159268589e-14
2.913057218823878673e-14
2.908164680691350847e-14
2.900262545231123793e-14
2.897126274440799542e-14
2.895346686762773243e-14
2.891861583805679705e-14
2.884369740667606374e-14
2.883548678300782732e-14
2.879166330229488150e-14
2.875396443708809029e-14
2.872330536755949093e-14
2.866134402216729958e-14
2.863145291169659892e-14
2.856045010633983967e-14
2.854597789392270122e-14
2.847697525806066512e-14
2.846709248750862148e-14
2.842976089594543850e-14
2.841865035142480147e-14
2.835443132703622679e-14
2.833514741501628782e-14
2.828551857734151116e-14
2.823328977255564993e-14
2.814999865538273926e-14
2.813433846104378980e-14
2.804436952406415642e-14
2.804006919601219436e-14
2.801704003310466127e-14
2.800478685878398689e-14
2.798027660338664472e-14
2.794917660457184350e-14
2.790622702868965510e-14
2.783198731957863325e-14
2.779124602108126999e-14
2.776016560974793056e-14
2.774515899523912580e-14
2.771806410400156543e-14
2.765694693469703367e-14
2.759432810555181610e-14
2.757652040115966281e-14
2.753051966891397517e-14
2.749267320219023732e-14
2.745757003919773416e-14
2.743611115133152051e-14
2.739715832344665869e-14
2.734073161106154739e-14
2.731261466636918588e-14
2.728160383943043602e-14
2.722910522429073249e-14
2.718989438179403589e-14
2.717011503660070126e-14
2.714541426305625726e-14
2.709811523074430240e-14
2.705780476982733366e-14
2.704310277881873825e-14
2.701090189518394582e-14
2.693557349102818883e-14
2.689940834038835002e-14
2.685631481234715571e-14
2.680802602642086097e-14
2.677800950616726006e-14
2.674621615733510724e-14
2.671093320439054082e-14
2.667574948775632154e-14
2.665366438492315322e-14
2.662664928525482950e-14
2.658897468098875686e-14
2.654901768940191058e-14
2.651947459950956848e-14
2.645087047843478452e-14
2.643649273703358882e-14
2.636472470980086363e-14
2.633200646175092247e-14
2.627101190992537429e-14
2.624018550955916572e-14
2.621659985636481307e-14
2.618230666922508128e-14
2.612569216786205356e-14
2.609858549946134956e-14
2.607264243402359642e-14
2.604139709905991409e-14
2.599834126742818734e-14
2.594750530427538345e-14
2.589320762973296957e-14
2.585977256788974153e-14
2.582233162546445583e-14
2.580787594659068036e-14
2.576591654250479137e-14
2.570286636377701726e-14
2.565591668924040543e-14
2.561896738965044343e-14
2.560763291271066433e-14
2.556786498787471049e-14
2.554364662036362766e-14
2.551946863636710222e-14
2.546812674203416989e-14
2.545486233527508290e-14
2.541270978330431781e-14
2.540007143519351854e-14
2.532512852106008160e-14
2.529185690365709497e-14
2.526854579621276629e-14
2.524814609430764497e-14
2.522806077396165378e-14
2.515366793123928109e-14
2.513907982438501813e-14
2.508853077327627316e-14
2.507804973910369917e-14
2.501038417862978252e-14
2.497787040383273087e-14
2.497277455053551397e-14
2.493135150232129624e-14
2.490165413031522596e-14
2.486916725452452028e-14
2.478455478566528340e-14
2.476181405221782564e-14
2.472630359931032930e-14
2.471828176543005253e-14
2.467113972638779530e-14
2.464588248252439986e-14
2.461027362958145721e-14
2.457659610749679303e-14
2.454019873024860094e-14
2.452547103950194985e-14
2.449490048470059457e-14
2.443992651213491336e-14
2.438199791410878613e-14
2.435382927167632794e-14
2.432678010087320082e-14
2.430519990595383205e-14
2.426149152246296441e-14
2.424711313419941416e-14
2.416037809119221919e-14
2.414387120053498237e-14
2.411682179224091575e-14
2.409742529065653820e-14
2.407814414806715318e-14
2.403627035106441823e-14
2.400972128153550803e-14
2.397012724339828357e-14
2.391985403067659025e-14
2.391448164995716656e-14
2.388315982520561480e-14
2.387089899505282529e-14
2.382075035396836037e-14
2.380655540753020439e-14
2.372932791533219776e-14
2.365359137826481129e-14
2.364311514131444262e-14
2.360933243552490898e-14
2.357352279414198913e-14
2.353421186723053254e-14
2.351792932780368113e-14
2.344338214776009330e-14
2.342030615403600136e-14
2.339913129302388077e-14
2.337072257028824029e-14
2.332250310164039135e-14
2.326528177656688891e-14
2.323419405494921850e-14
2.318732165494590343e-14
2.315052119504519495e-14
2.314296928772517441e-14
2.310291776740412769e-14
2.307417301892799112e-14
2.304285397080698674e-14
2.301994867246518157e-14
2.300550956621745323e-14
2.294649987574144016e-14
2.290010483104573988e-14
2.288559286402924500e-14
2.284740949448429828e-14
2.280482855410715195e-14
2.278270531593842404e-14
2.275276857038266321e-14
2.270701828677710625e-14
2.265176397847750907e-14
2.262590210791866773e-14
2.261706090738611548e-14
2.259325009057440280e-14
2.255790063546839787e-14
2.252795185569196041e-14
2.246680217290298067e-14
2.245275953052307010e-14
2.243255400581714206e-14
2.240291274276311835e-14
2.236427286394689782e-14
2.233936511850882260e-14
2.228371577643144009e-14
2.224832012325770777e-14
2.223344034810086882e-14
2.221018467151089334e-14
2.219223504958874904e-14
2.213399482224950283e-14
2.210303276527478633e-14
2.207081278582015865e-14
2.203573854623883946e-14
2.200966883593208606e-14
2.192287881737712781e-14
2.190436753449253233e-14
2.189459148564583529e-14
2.186389918161284141e-14
2.183311317773139195e-14
2.178280871063325699e-14
2.176227999302149020e-14
2.173135332037545854e-14
2.169084171197729104e-14
2.167942385570316463e-14
2.163503133268470172e-14
2.160009038515765172e-14
2.156787994019186333e-14
2.153244451920125867e-14
2.151553594919472772e-14
2.148637299187538108e-14
2.142869929207275000e-14
2.139078376024182864e-14
2.136434464733526447e-14
2.135415607557359555e-14
2.134033424506066600e-14
2.129308993076789995e-14
2.125801010703324802e-14
2.123061877747000047e-14
2.122210637415145101e-14
2.114391671502818879e-14
2.112511896588464577e-14
2.108644916261440521e-14
2.107319660956761820e-14
2.103682266199171172e-14
2.101036378643110116e-14
2.097538414489327945e-14
2.094349607190246147e-14
2.092035528116451634e-14
2.090408139813369553e-14
2.085892217075551629e-14
2.078227964514902194e-14
2.076175104603695528e-14
2.074083493076615248e-14
2.071943084314061674e-14
2.068856632430582125e-14
2.065330133503984252e-14
2.062584369323677994e-14
2.059211621501588028e-14
2.055867723388137189e-14
2.055121079274951431e-14
2.051318283518903755e-14
2.044413528847417359e-14
2.041177740101476879e-14
2.038750987218475408e-14
2.035840749816774499e-14
2.032676498275597913e-14
2.030454058607975325e-14
2.027376300462717345e-14
2.025608461656434189e-14
2.019363116735964598e-14
2.018058550597062081e-14
2.015301076072234290e-14
2.011913118495329764e-14
2.010735161754543971e-14
2.007939765255793599e-14
2.004351422702817696e-14
2.001341765769604784e-14
1.996685896745387706e-14
1.993487835900928430e-14
1.991798188279850214e-14
1.988971808592545102e-14
1.987521352280236203e-14
1.981688545028496661e-14
1.979492639053790043e-14
1.976028336894913027e-14
1.972807777804702385e-14
1.970223274351669712e-14
1.964221933668294090e-14
1.959724670663870637e-14
1.957126539007873133e-14
1.956594177711420546e-14
1.952826509695836672e-14
1.951733396521907736e-14
1.946210591107713057e-14
1.946029332722482749e-14
1.941258138983662073e-14
1.936531492578314069e-14
1.935464688427364175e-14
1.931503257617840884e-14
1.930668478392383429e-14
1.922734728918668128e-14
1.919281451665917677e-14
1.918355755084901482e-14
1.915254266394385223e-14
1.913288415350174039e-14
1.912653535956358501e-14
1.909240329051848532e-14
1.907016655139506998e-14
1.904074088214323971e-14
1.901094977535622695e-14
1.895849498316496205e-14
1.895769329463839090e-14
1.891195207410734511e-14
1.887236413397518498e-14
1.884689569363100548e-14
1.881944175531957944e-14
1.875658817162080396e-14
1.873450508985308027e-14
1.872037706090832880e-14
1.869532230629307932e-14
1.867939637082266087e-14
1.864488401992751100e-14
1.859541921203084399e-14
1.857086884657995959e-14
1.852270481699152918e-14
1.848122424171759730e-14
1.846498873501947514e-14
1.844929507979726939e-14
1.841803671774123130e-14
1.839400670281306131e-14
1.834267065778012589e-14
1.833239164003450890e-14
1.828916380407249686e-14
1.828903662652845833e-14
1.823415215183293438e-14
1.820271308763909368e-14
1.816398935088323832e-14
1.815258131564157760e-14
1.814450554897338932e-14
1.810365797297613157e-14
1.808475520136696590e-14
1.805514585563254486e-14
1.801250868353699665e-14
1.798442921112121943e-14
1.793187520862119172e-14
1.791916586723946133e-14
1.789695484288168420e-14
1.787570378979567305e-14
1.783939831711540451e-14
1.783047955633751155e-14
1.780530061845657384e-14
1.775231460374449542e-14
1.773679725921212468e-14
1.769238984848117648e-14
1.765582067723292413e-14
1.761302509619381068e-14
1.759077697297423399e-14
1.755698155408346796e-14
1.753573030435026715e-14
1.750752104586889554e-14
1.749796723765364163e-14
1.744092001709180532e-14
1.743555553836459163e-14
1.739585853448781046e-14
1.736875978670472001e-14
1.732509606216379158e-14
1.730995810439450005e-14
1.728631406490068706e-14
1.724002219304396973e-14
1.719710458923481527e-14
1.716778204686577782e-14
1.715145074342196080e-14
1.709237801753543192e-14
1.708981977590404222e-14
1.705568487903607764e-14
1.701041538552830179e-14
1.698471981657570277e-14
1.696950511823341542e-14
1.692630542514069685e-14
1.688192388346351638e-14
1.687694194306151998e-14
1.683038868114113342e-14
1.682429961397929380e-14
1.678313436671956712e-14
1.675611398658745725e-14
1.672286662023934841e-14
1.666039021830554658e-14
1.662695349696587715e-14
1.661134540071713340e-14
1.659079676412988594e-14
1.656051655136567065e-14
1.653405886981035755e-14
1.650254713672488424e-14
1.648812652856027737e-14
1.645637062335720930e-14
1.639790729527738277e-14
1.638914607217449272e-14
1.637810814999425408e-14
1.634704257386134969e-14
1.634021954118362700e-14
1.630586584441049765e-14
1.626042332621647741e-14
1.621568357948951883e-14
1.619053218148102050e-14
1.617068596538187575e-14
1.611381086428619889e-14
1.605704249956186255e-14
1.603419861134357720e-14
1.601945945405371824e-14
1.600653964008250620e-14
1.596981984874815629e-14
1.593010925067290048e-14
1.590619881506903382e-14
1.587174231842882712e-14
1.584112255521176425e-14
1.583124122303091506e-14
1.579403937502066567e-14
1.575947015321593628e-14
1.574217526208013530e-14
1.570965826397808205e-14
1.567116691765186634e-14
1.562791618974531787e-14
1.560712553905761657e-14
1.558330877189666835e-14
1.557067401574340941e-14
1.552148386495795374e-14
1.547763547741064653e-14
1.547181204505389860e-14
1.544995185778262144e-14
1.542958543978762835e-14
1.539234075441344112e-14
1.536389062520572501e-14
1.532790816851903253e-14
1.530806751982114386e-14
1.529872011605984351e-14
1.524284483733028852e-14
1.521366004306487251e-14
1.516619260365503944e-14
1.513914467914522036e-14
1.511717753686153868e-14
1.506122412398745035e-14
1.504296811139631724e-14
1.500344576548280776e-14
1.498703578517672125e-14
1.496621500250281403e-14
1.495094087654430307e-14
1.491466203605162464e-14
1.489575845436444235e-14
1.487166726216170629e-14
1.485617937589455570e-14
1.482594652964648074e-14
1.479708109817778419e-14
1.477188366393242257e-14
1.472394030945047785e-14
1.468844655213345746e-14
1.465383069934180364e-14
1.463897048073504208e-14
1.459572994375434784e-14
1.457382718657583102e-14
1.454178778570381498e-14
1.449233878581903420e-14
1.448702051888565822e-14
1.445611890267496788e-14
1.441078725196284106e-14
1.438535778113617617e-14
1.436707051974707234e-14
1.432028246004076400e-14
1.426980283268182214e-14
1.423706567067343243e-14
1.420693376444007364e-14
1.418390054267730467e-14
1.416578804449590973e-14
1.413243936132259774e-14
1.408032850367075679e-14
1.405932484321041989e-14
1.403071012790044151e-14
1.400610275853468262e-14
1.397434681768707023e-14
1.394980217637731958e-14
1.392877047497817226e-14
1.387181766739299406e-14
1.384487707677440770e-14
1.382075814209212274e-14
1.377653396564427919e-14
1.374751526407587771e-14
1.372755627772452760e-14
1.369069735326699040e-14
1.365940235359819873e-14
1.361740632504509484e-14
1.360552109861304689e-14
1.355962148494352285e-14
1.354869816868600758e-14
1.353531555502338028e-14
1.349063936472866218e-14
1.344739812362218452e-14
1.342425007270619478e-14
1.340107952655002856e-14
1.336184681069721396e-14
1.331774794723790795e-14
1.330320768030811714e-14
1.327867814093717089e-14
1.324327509923144852e-14
1.318952165202104852e-14
1.317910522695118411e-14
1.313047742424787003e-14
1.310978034835468123e-14
1.309631273042430650e-14
1.303559632246311851e-14
1.300340649282812813e-14
1.299128269828521781e-14
1.294201340317711523e-14
1.292005306143744343e-14
1.291078783670167996e-14
1.283351379542649593e-14
1.280116878215464964e-14
1.276094390817877214e-14
1.274329475595766331e-14
1.272175606380600556e-14
1.267867129531645900e-14
1.264226917574999489e-14
1.261356907813446282e-14
1.259342652785205466e-14
1.257547480177540318e-14
1.256684754750896967e-14
1.252379493504942275e-14
1.248208205302310738e-14
1.244543094443750569e-14
1.241589997733771796e-14
1.236427883673751430e-14
1.234885118774450238e-14
1.233977292238574179e-14
1.232438518177070318e-14
1.228334750842943391e-14
1.225205484679391849e-14
1.218265471308386712e-14
1.213824567036604839e-14
1.211535788168393177e-14
1.209157766799625580e-14
1.204685669063406834e-14
1.202650346516728846e-14
1.197417992389796532e-14
1.192337510326491798e-14
1.189422765800287204e-14
1.187223073647278823e-14
1.185127012710332304e-14
1.182930353007318825e-14
1.179315063945430096e-14
1.175396365140853474e-14
1.172070505661576344e-14
1.167095204658549887e-14
1.163877024889459953e-14
1.162013516422641973e-14
1.156385702793286875e-14
1.151503955132553198e-14
1.150109421716652850e-14
1.145373561341603497e-14
1.144061932043672626e-14
1.139380638037157904e-14
1.135752982463916616e-14
1.134852988305741804e-14
1.132455647160349015e-14
1.127327301298537124e-14
1.123539488357547778e-14
1.120766636942122775e-14
1.117617368776711703e-14
1.108240348036303039e-14
1.105678495261864317e-14
1.103688156497986048e-14
1.099895373577635775e-14
1.095952087053205442e-14
1.092192620309395453e-14
1.087884942490676588e-14
1.087199881117573267e-14
1.084710211614914897e-14
1.080572334091035829e-14
1.074769539486111229e-14
1.067035914216400349e-14
1.064978723214955875e-14
1.061440503519173240e-14
1.058337386458896396e-14
1.053870307161578917e-14
1.048488161019341745e-14
1.044157149355744587e-14
1.040945456821177098e-14
1.038746126171853974e-14
1.034391813146688193e-14
1.027384502752259219e-14
1.022697944161903335e-14
1.021557484058202273e-14
1.019679394649680426e-14
1.013947675279686949e-14
1.012411640801173839e-14
1.010094343418308935e-14
1.006111302464770828e-14
9.984881355115402071e-15
9.953332064404545685e-15
9.931093432276883307e-15
9.767774345651665141e-15
9.688200792314613926e-15
9.673907493822419113e-15
9.621971598410615023e-15
9.586805085445492009e-15
9.509582511034601865e-15
9.463291016092592671e-15
9.396697936520922448e-15
9.226246380814526740e-15
9.142096411418894771e-15
9.130113440227425186e-15
9.072567131924032879e-15
8.983413042595551975e-15
8.839735286047725222e-15
8.829115926471082928e-15
8.715575870464097390e-15
8.687581588954546666e-15
8.613391038552439385e-15
8.590107393299430404e-15
8.368699335028168455e-15
8.250692618449819975e-15
8.166251816103777520e-15
8.077566951228144198e-15
7.938157576582757936e-15
7.725972069726885325e-15
7.134475823518167272e-15
