5.480103133203286916e+02
4.339751720452413224e+02
4.316333670515148242e+02
3.521780040167373613e+02
3.117531722687838851e+02
3.066769540246143038e+02
2.591401217150551588e+02
2.491639021509632528e+02
2.045583041548684093e+02
1.932213469276974820e+02
1.858672971014416078e+02
1.631651956506855754e+02
1.593158195928276939e+02
1.231213329656716411e+02
1.172712411700683930e+02
1.140207134468262780e+02
1.072075813829523412e+02
9.374469473412365517e+01
9.019819973086056564e+01
7.500678104915959921e+01
6.989222765830712092e+01
6.782845256804235134e+01
5.748069157771240612e+01
5.655653852636989853e+01
4.846760769504646760e+01
4.628085291604590168e+01
4.386230795210786226e+01
4.155247647221257523e+01
3.395471261167674015e+01
3.254236653254481837e+01
2.561110234651096818e+01
2.468069859972255031e+01
2.380473973355902473e+01
2.201759619866026441e+01
2.170917527752368414e+01
2.105537288938804963e+01
1.983916911717082243e+01
1.471647574983358453e+01
1.423728607675451308e+01
1.244798016200431867e+01
1.161371106554773291e+01
9.633231966872589425e+00
9.470672319494401137e+00
9.412730598203198795e+00
8.799317486878690531e+00
7.762171114066584998e+00
7.477373395120449295e+00
6.102524639532340700e+00
5.625723956429724559e+00
5.487988172237451501e+00
5.113698970252272602e+00
5.010593292229784446e+00
3.638577208852707745e+00
3.556476668551217912e+00
3.240659781446663779e+00
3.161538242329080095e+00
2.595330534706592474e+00
2.524034515444930626e+00
2.495848119633087059e+00
2.401934259382601411e+00
2.069362378195186647e+00
1.890325570137492583e+00
1.836775708645329575e+00
1.769612322660697679e+00
1.229836799381403223e+00
1.177875876404898658e+00
1.140849177775725476e+00
1.014408149744763232e+00
9.527375064107636016e-01
9.409716724902037477e-01
9.164586605232982741e-01
7.545151808973682428e-01
7.341020520733114729e-01
6.740933672098708973e-01
6.392206405675681102e-01
5.564459345304129112e-01
5.428638123013700412e-01
4.379865232146416543e-01
4.026314813650040958e-01
3.557626844269296540e-01
3.405081532777871067e-01
3.359552579063952438e-01
3.163482118497703000e-01
2.421983256953406938e-01
2.260651404612162296e-01
2.013319690735725087e-01
1.970988899307683784e-01
1.874921977120804217e-01
1.865384298368636951e-01
1.644344522341386894e-01
1.463108898227018229e-01
1.427527151343371270e-01
1.413066068209174742e-01
1.363609911645254635e-01
9.880044075220888178e-02
9.219919047865413053e-02
9.064580718593875930e-02
8.773358441051504197e-02
5.729445007834080283e-02
5.340426109464235793e-02
5.333915702163011252e-02
5.192022630684301615e-02
4.940314844333858896e-02
4.875779655898900694e-02
4.552103686844126418e-02
4.382112457728915000e-02
4.027271498793461024e-02
4.011517448290519844e-02
3.285496690845526868e-02
3.177737311709797480e-02
2.520227336867159398e-02
2.444896949356065857e-02
2.022979352030433720e-02
1.921801137292396960e-02
1.754786123372990142e-02
1.620242734847698526e-02
1.564696573783910805e-02
1.186125138665351277e-02
1.142110597012534721e-02
1.101096074236498391e-02
1.036570542670285817e-02
1.004860842264714005e-02
9.944753484728910409e-03
8.563502016837309938e-03
8.521982554814896277e-03
6.676153860767363411e-03
6.068547172948686279e-03
5.783316726254100412e-03
5.678496209474917338e-03
5.354863065591663682e-03
5.139767029193546832e-03
4.206488221816732063e-03
4.117625480482996897e-03
4.066754858086132213e-03
3.988836999076830758e-03
2.486411410881245263e-03
2.311614596557214248e-03
2.281472038135899487e-03
2.198675882527564678e-03
1.991306146910013647e-03
1.847858318593981024e-03
1.547512954550415726e-03
1.503494666531539565e-03
1.436101133064754268e-03
1.347825393391501427e-03
1.318473640923591671e-03
1.135230668809628649e-03
1.119077467323223093e-03
1.090461081021451952e-03
1.062339795256628380e-03
9.427483427748850620e-04
8.809173449148814282e-04
7.193243757493783617e-04
7.018268277234861185e-04
4.880192245344403207e-04
4.760680098464682686e-04
4.301706534829264185e-04
4.091595931968068645e-04
3.954839813071581124e-04
3.922012598692666300e-04
3.143663344208179203e-04
3.121789740169191810e-04
2.948093705478942238e-04
2.705036176425190068e-04
2.468926109620059425e-04
2.288599338830958944e-04
1.972211627605205300e-04
1.939870286197065510e-04
1.841413734961226721e-04
1.823711572887785925e-04
1.724714709058277012e-04
1.633251310762436894e-04
1.120121046996144543e-04
1.051538701724623396e-04
9.685648777031919375e-05
8.889820302765602241e-05
8.592034869838829675e-05
8.247212309757823850e-05
8.110480709838319082e-05
6.264470911850254331e-05
5.903737692309404540e-05
5.785326906569058895e-05
5.688271139877259494e-05
3.943629551642922540e-05
3.779204564373949332e-05
3.414759736415957253e-05
3.230650012022574888e-05
3.147603586755788092e-05
3.091331172192105577e-05
2.918109908649582797e-05
2.807084604651510380e-05
2.324820704956293479e-05
2.302118706222642185e-05
2.183140705957669410e-05
2.124903041697871224e-05
1.820015070465146124e-05
1.762264404727523643e-05
1.580883163187939068e-05
1.466084568205715503e-05
1.388664612508121064e-05
1.257582269436627430e-05
1.077720177108059570e-05
1.012517101057086096e-05
8.298790602431506177e-06
7.955703691492031974e-06
5.342939409845395882e-06
4.972978014518275473e-06
4.798286666491133410e-06
4.725904008536460766e-06
4.693471840802979145e-06
4.586960316447836400e-06
4.070336936559126409e-06
4.035713307288072785e-06
3.900876424054720260e-06
3.823727070290941061e-06
3.527861054643589714e-06
3.023637339089261362e-06
2.945795087680177085e-06
2.714533812288297252e-06
2.587953628410654663e-06
1.784777319417596812e-06
1.727034678047208696e-06
1.685863116336468867e-06
1.648750485246970511e-06
1.562379289736130718e-06
1.495343393252449350e-06
1.035894731004469319e-06
1.005796680050803760e-06
9.849931888231508051e-07
9.159418692950643887e-07
8.138068150780171276e-07
7.945474294949292610e-07
6.554967020085159775e-07
6.441637793225334332e-07
4.983263819709371821e-07
4.963092804159061050e-07
4.728910322272842773e-07
4.557710487222144905e-07
4.408307218271229934e-07
4.293616421323887634e-07
3.843028438893496113e-07
3.810146237974731915e-07
2.941035333181419463e-07
2.813354520082634643e-07
2.303423254784574657e-07
2.236804367956361479e-07
2.140225192956273487e-07
2.069839937073430498e-07
2.019518501880899584e-07
1.827369969135611541e-07
1.773631303478633750e-07
1.667878287568064244e-07
1.645539911257181382e-07
1.211662486578707313e-07
1.195304019578817513e-07
1.055037498840987176e-07
9.792555760641438608e-08
8.025022567333095069e-08
7.640039523446186910e-08
6.501059853669411413e-08
6.189385220598810678e-08
5.189079277968636789e-08
4.787133850434082815e-08
4.463053231372231017e-08
4.272671474067087203e-08
3.675101443177470125e-08
3.579484269440916405e-08
3.528898026333990240e-08
3.476428383108346280e-08
2.814209531377268003e-08
2.712570412510390339e-08
2.676051467257481325e-08
2.625526283843186037e-08
2.542424137483630624e-08
2.449323274361334206e-08
2.129757949209472405e-08
2.074423765550744543e-08
1.718304262142663089e-08
1.599227143237209611e-08
1.572442942707415443e-08
1.533087847185457358e-08
9.498747835014970805e-09
9.187070490248138580e-09
8.407330660986880035e-09
8.028415018501726534e-09
7.893694347428722720e-09
7.491200258839798811e-09
6.168927320463671305e-09
5.610236000003736604e-09
5.410631734965178109e-09
4.730225337746255467e-09
4.356097559204091539e-09
3.896298661976495655e-09
3.684211193197217020e-09
3.494758664705738133e-09
3.463891968666861137e-09
2.973053684724862732e-09
2.824168227640406870e-09
2.740061971741515905e-09
2.666916172344068378e-09
2.128284001395671706e-09
2.015158602602830779e-09
1.949102562208227353e-09
1.907074118168937137e-09
1.821832080423013202e-09
1.790343420159361905e-09
1.322102933434100736e-09
1.275499086592135062e-09
9.808309600432321286e-10
9.681831811035693253e-10
8.469074590776738489e-10
7.883106316958800613e-10
7.686372930274467857e-10
7.573691836435355995e-10
7.349036716859307046e-10
7.160666695261080646e-10
6.984898794182799787e-10
6.753031888257599190e-10
4.305225415782556676e-10
4.234814130816876809e-10
3.567876959043148787e-10
3.326081460283363174e-10
2.579657497133682477e-10
2.515182650876439746e-10
2.485212347026681263e-10
2.272591036423114630e-10
2.111223423468316723e-10
1.984747983543105673e-10
1.956455479571951156e-10
1.914772841391758555e-10
1.616920975445609420e-10
1.564508944405796578e-10
1.509331997443504240e-10
1.439987679047394831e-10
1.326942144131555443e-10
1.298666810328705839e-10
1.236893192093080658e-10
9.453096123181329649e-11
9.003465892723551232e-11
8.701991451678217581e-11
8.529225197220813187e-11
7.365608206003168386e-11
6.858868323666119561e-11
5.990762885896664694e-11
5.747134107290479267e-11
5.320216990156576568e-11
4.927319842577580697e-11
4.491713293304693916e-11
4.323058225136301335e-11
2.594109785196800987e-11
2.543815614315035820e-11
2.041763053486950589e-11
1.993742194225658214e-11
1.955935572958666190e-11
1.934265192147707299e-11
1.799515870874070393e-11
1.792078030923798789e-11
1.542727621079923054e-11
1.525375886341029648e-11
1.495557359333271415e-11
1.448347465335486901e-11
1.288615901813079688e-11
1.244511704044282801e-11
1.114782097069407720e-11
1.020157818828258193e-11
9.275611722343516007e-12
9.002079038559973590e-12
8.987150416391839915e-12
8.551776483498404462e-12
6.076757363640058590e-12
5.752075907937379507e-12
5.469533717234592139e-12
5.223011321276939968e-12
4.207140713119071373e-12
4.138182867271709786e-12
3.936218289772642972e-12
3.857756903114668767e-12
3.211053835607646158e-12
3.128675601221182165e-12
2.687752692365469163e-12
2.374891666309520475e-12
2.353438880158680662e-12
1.698323216931477166e-12
1.586464962006182589e-12
1.576550979439750715e-12
1.482741632876459564e-12
1.445927848445753731e-12
1.361279427097248894e-12
1.316303165270617797e-12
1.259488737470993139e-12
8.676511427749557007e-13
8.327584190623840453e-13
8.091628500164770569e-13
7.919931348609341098e-13
7.093724246732591363e-13
6.794898985905996582e-13
6.565272986938628164e-13
6.326904712161617219e-13
4.978748471323925643e-13
4.708654915377758467e-13
3.961838361093980946e-13
3.759951266230122474e-13
3.305100343237811339e-13
3.171738601094508658e-13
3.142772422032467473e-13
3.086629691584109527e-13
2.981259011340044078e-13
2.829703170915890403e-13
2.502813463853750537e-13
2.461066243743684454e-13
2.400776164375927793e-13
2.270838155909960400e-13
1.713952791823376426e-13
1.682686170928650483e-13
1.432411757132131584e-13
1.385095931534190560e-13
1.074405338558992827e-13
1.052764973445665296e-13
9.464906463124025865e-14
9.182907352422805583e-14
8.752876021620653155e-14
8.638720347230366179e-14
8.517972839906650111e-14
8.481997471834574285e-14
8.218492275885399357e-14
7.667689681537738375e-14
7.235006887813440319e-14
7.166068610628504455e-14
6.980451638565060515e-14
6.571673420891469391e-14
6.487909384161798152e-14
6.202906399963152611e-14
6.117077596264099146e-14
5.992134625541857907e-14
5.788936140051297550e-14
5.608442964567523905e-14
5.344194496963596821e-14
5.333982113419519586e-14
5.183581469057283059e-14
4.886134661851320554e-14
4.742688158674996975e-14
4.642366279389693282e-14
4.526847103999043581e-14
4.234990187741086009e-14
4.211031233334747336e-14
4.134057193158210789e-14
4.124827601044574479e-14
4.034316567429551285e-14
3.893411231165188487e-14
3.797935585034917535e-14
3.741471168092183662e-14
3.676076255119950021e-14
3.641728997168037289e-14
3.568172927715271407e-14
3.412986181104096197e-14
3.295430238113491785e-14
3.252530550570891458e-14
3.193712288003166926e-14
3.175589349495495007e-14
3.112655790166885759e-14
2.979669692420361075e-14
2.897987689509481875e-14
2.856603507639326397e-14
2.776311077732174611e-14
2.640242276030392196e-14
2.602707533683763347e-14
2.547758979601539488e-14
2.528245878448301098e-14
2.471912926037384428e-14
2.428993574348353285e-14
2.323783154673875878e-14
2.290725698912907583e-14
2.251419913561231920e-14
2.085432640445717579e-14
1.959880863286123450e-14
1.937019686790503279e-14
1.914848380544933517e-14
1.888200998348331801e-14
1.862496684610510733e-14
1.840432278210734443e-14
1.818978169615642119e-14
1.787513850730358652e-14
1.759596422091554220e-14
1.756224752206936419e-14
1.724209525092305318e-14
1.718717723592159924e-14
1.712918675389734992e-14
1.700573101433838645e-14
1.682801058681456642e-14
1.675196279015957675e-14
1.664087587764871397e-14
1.658926483642769547e-14
1.652425697542918744e-14
1.641386282097702152e-14
1.617321684730048201e-14
1.597344338877776461e-14
1.592061787141483853e-14
1.589628765021322420e-14
1.586188312779131719e-14
1.574749215548844712e-14
1.561287331604443627e-14
1.551954794214583014e-14
1.546314396000381486e-14
1.534201055559031969e-14
1.525593172945491434e-14
1.514597259454829567e-14
1.508417312265294253e-14
1.506227344148854451e-14
1.498230964609574629e-14
1.487341620919741853e-14
1.483579214249156671e-14
1.477267456756493100e-14
1.475228786869367487e-14
1.462287225705413670e-14
1.455934270295520069e-14
1.451837385209889557e-14
1.446542578481614140e-14
1.442325650975436354e-14
1.437308085014594744e-14
1.432936753030500441e-14
1.426816095555566665e-14
1.419977935226471147e-14
1.418666839943351517e-14
1.410195807794973516e-14
1.405046750987013473e-14
1.400109281016661765e-14
1.392748905027675726e-14
1.385817752532465368e-14
1.384278395085679580e-14
1.381970085155584666e-14
1.378893048228597900e-14
1.372958171307371746e-14
1.368200965088384065e-14
1.367068123501384893e-14
1.359359051744253264e-14
1.358522553512516154e-14
1.354112886002715280e-14
1.349903935673174479e-14
1.346600437406251208e-14
1.343219831164872514e-14
1.337511835234835115e-14
1.332425089875831889e-14
1.331145333836275309e-14
1.328575144033553954e-14
1.325473227182032682e-14
1.322141828294158471e-14
1.320308708346694376e-14
1.317401959872268068e-14
1.312568984990902987e-14
1.310348249411889209e-14
1.309279814592809921e-14
1.306601875649983549e-14
1.299060448744068445e-14
1.294936970235954221e-14
1.293974582577018427e-14
1.291887195095244982e-14
1.288830100099967671e-14
1.287264661770942527e-14
1.284702883798047214e-14
1.280990154367231305e-14
1.278928121793173766e-14
1.276217062740481599e-14
1.273428902351618880e-14
1.269387822921065771e-14
1.268740752766341023e-14
1.264944734808559725e-14
1.261658531625507082e-14
1.254993472945179840e-14
1.254452954971703364e-14
1.247913122971330692e-14
1.246096958457173165e-14
1.244041275835143851e-14
1.241053291218876361e-14
1.238943558316684150e-14
1.236411703569745399e-14
1.234578061807654402e-14
1.232926261593818026e-14
1.230606110902199316e-14
1.227583769556741653e-14
1.226027878768221457e-14
1.223573063388308933e-14
1.220148187168946955e-14
1.218531802443135211e-14
1.217576951695015126e-14
1.214404656476275365e-14
1.213178359766082096e-14
1.210609913473520719e-14
1.208124762585451550e-14
1.206293018529036523e-14
1.204465465496966094e-14
1.201540440840054305e-14
1.199203737801372593e-14
1.195607269233724710e-14
1.193664021315484547e-14
1.192219832951940054e-14
1.189576386800381661e-14
1.188582495967177334e-14
1.187622170259405473e-14
1.184214992798153782e-14
1.181900736100973014e-14
1.179000993081169140e-14
1.176526652324248674e-14
1.175081745846200362e-14
1.173520101956618495e-14
1.169465398170175766e-14
1.165041934607628929e-14
1.163954407672824659e-14
1.162485179845086890e-14
1.160412008025080304e-14
1.159084071239639327e-14
1.156077580339705835e-14
1.155511093949870094e-14
1.152412657574864674e-14
1.150146614449196905e-14
1.147766896167750678e-14
1.145226680828366271e-14
1.143026199887234712e-14
1.142138114196071774e-14
1.139220725267915414e-14
1.138112604831717700e-14
1.136124939723109416e-14
1.134146803074117863e-14
1.132809073195203681e-14
1.132210759000545589e-14
1.128776393764006138e-14
1.126455363002956467e-14
1.124374676242512914e-14
1.122166632064658496e-14
1.120570575624948269e-14
1.116706361952814423e-14
1.116474012496652472e-14
1.115034067394400194e-14
1.113409110781304332e-14
1.110638339427829306e-14
1.109744858120657061e-14
1.106296144791051172e-14
1.104981184473524176e-14
1.103727366708968673e-14
1.102611171896110894e-14
1.101715518830392796e-14
1.098772804355055991e-14
1.096754435937749559e-14
1.094110763058545435e-14
1.092731540494989025e-14
1.089708934372088004e-14
1.087918727119339951e-14
1.086139654137062213e-14
1.083996184942225089e-14
1.083652687105654978e-14
1.079288294435092666e-14
1.078462944670483529e-14
1.076856700944873169e-14
1.076225683158988018e-14
1.071543633080686932e-14
1.069824914130376541e-14
1.068712975566147073e-14
1.067070774113816911e-14
1.064985135662591001e-14
1.064661340145734305e-14
1.063166306997513187e-14
1.058666645930021526e-14
1.057449375092327462e-14
1.057110548802341033e-14
1.055468914166861248e-14
1.052792795457564987e-14
1.051304699552078118e-14
1.050342333435121001e-14
1.049895333991317494e-14
1.048289939317899912e-14
1.046064611080853115e-14
1.045086437237846571e-14
1.041940607926305654e-14
1.039866611123333248e-14
1.038057713401007746e-14
1.036960506390374070e-14
1.035816148848636131e-14
1.032567756142078645e-14
1.031920408016997604e-14
1.028725903258911172e-14
1.028271636085316395e-14
1.026567272688587191e-14
1.024971458746242677e-14
1.023488681640375661e-14
1.021612777356373536e-14
1.020356686179356523e-14
1.018890182549504338e-14
1.016251866864955726e-14
1.014793803731282435e-14
1.013679961940952995e-14
1.013131723610921932e-14
1.010562603416520689e-14
1.007539405033301041e-14
1.006827819431496099e-14
1.005534884268690265e-14
1.004616275500682151e-14
1.002614050667403617e-14
1.001918505510279046e-14
1.000646480361993480e-14
9.997481861283059148e-15
9.971088270196417287e-15
9.956560165302484953e-15
9.944305785334555943e-15
9.931275903143259542e-15
9.907604259546245164e-15
9.894259694692423158e-15
9.866327936212388398e-15
9.856010779925341067e-15
9.853026154753834959e-15
9.841511191769834520e-15
9.828036600238705436e-15
9.814138653408214384e-15
9.794898640752426690e-15
9.773784785246943399e-15
9.757047244891233394e-15
9.742798707445743237e-15
9.738083715224105903e-15
9.691424652871646140e-15
9.685781598584434751e-15
9.664186016997636896e-15
9.659266571120986628e-15
9.650222630650054096e-15
9.639264805178633894e-15
9.615538646416267519e-15
9.600592028307469446e-15
9.585380357799236144e-15
9.570954912364820944e-15
9.552194845831002870e-15
9.545583525230536857e-15
9.525957172054823700e-15
9.512284814248114528e-15
9.496881066187834817e-15
9.485390157239640861e-15
9.479375114750767988e-15
9.450796258676884960e-15
9.427185872825345573e-15
9.419787059099622275e-15
9.409420252081156785e-15
9.387339713758803156e-15
9.378429609007397325e-15
9.370616305076663750e-15
9.349073065216676149e-15
9.330212523231596451e-15
9.312923927319746424e-15
9.296204865719357311e-15
9.283032483791226898e-15
9.272759662972541181e-15
9.259253132515421993e-15
9.238488826364240450e-15
9.234263050994041789e-15
9.209536154900939640e-15
9.199571191521002217e-15
9.185776848833926042e-15
9.178251938684748821e-15
9.167516907139376657e-15
9.142569021334807039e-15
9.126048780456860391e-15
9.110528437773059507e-15
9.097209101085126621e-15
9.089752612626395003e-15
9.072091597921293110e-15
9.062315973520090669e-15
9.046917414063647706e-15
9.035635845563828265e-15
9.022373668859446805e-15
9.016092597130257015e-15
8.994960607073792671e-15
8.985547463592923697e-15
8.961556978731526822e-15
8.947118994513068812e-15
8.925614840581026244e-15
8.918125130605830691e-15
8.913462048832348513e-15
8.897686474693706879e-15
8.878496780307403313e-15
8.862793855028110950e-15
8.857808009652094812e-15
8.830783717346981509e-15
8.821282759268457661e-15
8.809105758517628647e-15
8.787830108786997611e-15
8.769620615877307781e-15
8.757194166719292222e-15
8.737026538259329237e-15
8.726825991149190264e-15
8.693624914173991784e-15
8.688008102971789790e-15
8.684806168962215524e-15
8.669345520467526667e-15
8.653078992902434599e-15
8.630223020430575559e-15
8.625322597973985723e-15
8.615694219603907626e-15
8.604171648435287337e-15
8.569963671268676338e-15
8.565576077769853695e-15
8.549901504737153200e-15
8.533655884956795528e-15
8.512195580935468099e-15
8.501607902040376991e-15
8.498099976220376284e-15
8.478173791655525166e-15
8.470082842663615717e-15
8.461869024356685270e-15
8.455381731980507316e-15
8.443484029183005706e-15
8.436428897372197735e-15
8.417321019804640065e-15
8.386186004803003120e-15
8.371245699823154428e-15
8.364917093557376124e-15
8.350807179021216316e-15
8.330025716766791430e-15
8.326195824697544663e-15
8.317541608714682466e-15
8.291104228323656569e-15
8.278027553526738934e-15
8.270916380378433698e-15
8.262990190863238415e-15
8.241918013887113677e-15
8.223929960145104169e-15
8.214191744410309855e-15
8.194953659466667417e-15
8.184148354397314780e-15
8.174682935068656147e-15
8.165038747219031880e-15
8.147772258254308257e-15
8.137664443400356308e-15
8.127489611572807137e-15
8.114839577698846212e-15
8.090422948092475650e-15
8.081136299231506772e-15
8.069195129172852855e-15
8.053038192006636461e-15
8.032936508665131944e-15
8.022343667177985248e-15
8.019730083952327087e-15
7.998984709697300271e-15
7.992569215960595697e-15
7.977628328373984646e-15
7.958517257605360948e-15
7.941223493753357049e-15
7.927524223946287637e-15
7.920991132724713683e-15
7.904839122853280942e-15
7.883646197206258686e-15
7.882689713489696959e-15
7.863473421528011084e-15
7.846944902589485195e-15
7.834751829395758799e-15
7.822436501886221644e-15
7.808729944317969193e-15
7.780634604877274874e-15
7.768721129954553271e-15
7.759161508412711841e-15
7.749700571233108300e-15
7.744026618131426309e-15
7.727654022295381825e-15
7.711875601988802945e-15
7.694005354230747623e-15
7.692735877077022245e-15
7.671747609253183515e-15
7.655727196324539241e-15
7.645883665357768574e-15
7.635675058531573646e-15
7.629286391943286686e-15
7.617233975032576996e-15
7.602610581422643382e-15
7.586372426649952883e-15
7.571967226326115770e-15
7.550086809344611367e-15
7.533924012094065219e-15
7.512551521649144380e-15
7.496673465967644950e-15
7.481966706734839408e-15
7.479109166844016317e-15
7.463295955214558673e-15
7.453615124943458301e-15
7.444978175690030902e-15
7.435059946636124117e-15
7.419037947185151342e-15
7.404399101504982859e-15
7.393743685395613195e-15
7.372991091724445723e-15
7.366723667837955558e-15
7.348534340956921730e-15
7.332831160178407467e-15
7.313665402643962400e-15
7.306480874780456257e-15
7.290231863010661412e-15
7.270853507892617615e-15
7.269695231752948177e-15
7.236479749301951624e-15
7.221879883784563883e-15
7.213517878136031436e-15
7.205994214995845269e-15
7.193867119583046001e-15
7.174530810811424794e-15
7.161265925285936491e-15
7.141322931991843921e-15
7.122498546758660801e-15
7.101060237087081623e-15
7.087077103018843390e-15
7.073970776275263770e-15
7.062837881184232262e-15
7.045162096072437367e-15
7.041701141331674330e-15
7.030212960338630143e-15
6.996232549174447622e-15
6.984361440466340148e-15
6.979716631317256072e-15
6.965971391190711793e-15
6.956486582433603732e-15
6.943171910690718744e-15
6.923035809190678157e-15
6.911344327865970340e-15
6.903558577878875265e-15
6.893616193187903751e-15
6.871947168911060832e-15
6.860182682649092433e-15
6.841877323854239830e-15
6.826913626627119956e-15
6.819277872376272525e-15
6.795911905333491810e-15
6.786900428046014239e-15
6.766505509665355341e-15
6.744378226735318544e-15
6.733110597828823808e-15
6.709325308658780819e-15
6.700349489073910624e-15
6.681014371467404416e-15
6.675509172227663945e-15
6.656154870001385049e-15
6.646421481554158696e-15
6.636197680519543457e-15
6.617061159221439324e-15
6.596727969664135941e-15
6.588388862165887787e-15
6.573802861301701673e-15
6.551627939000336431e-15
6.543993021349040808e-15
6.537313027948733634e-15
6.526379110785570883e-15
6.519582540014922550e-15
6.494444618225712820e-15
6.488334077334456669e-15
6.457679631980132887e-15
6.445563241532401719e-15
6.435736254454205888e-15
6.418444654073786750e-15
6.402468842718292697e-15
6.380799323118756059e-15
6.376385773882518804e-15
6.360700468406750361e-15
6.349042824131924646e-15
6.322380934700643681e-15
6.305908318878073594e-15
6.293283097979930562e-15
6.271419610149418661e-15
6.255792941945739718e-15
6.246669732597160689e-15
6.216233376939497979e-15
6.194301186316909681e-15
6.170820249124397044e-15
6.159616925855343985e-15
6.146432625324048567e-15
6.117616571065775563e-15
6.107767023798182234e-15
6.098914754489326425e-15
6.088508300850137565e-15
6.064843670136237350e-15
6.055914272536505177e-15
6.027244452821587120e-15
6.023341706652569980e-15
5.985929640856976568e-15
5.973418532337994605e-15
5.957443756028198288e-15
5.930173357052803102e-15
5.914808480082067409e-15
5.868295693036703005e-15
5.861612190170491583e-15
5.848288124332112257e-15
5.839664193515656393e-15
5.834416043218448931e-15
5.806712736717495679e-15
5.782300114819612049e-15
5.762532064022311634e-15
5.739473175751164771e-15
5.730001055034990942e-15
5.681542313382020249e-15
5.657277359750991302e-15
5.638744041997089594e-15
5.583180073121335764e-15
5.561402831384556092e-15
5.547172956360904997e-15
5.527655430932418215e-15
5.495845239930909614e-15
5.432835390093575651e-15
5.414063271069540440e-15
5.368095769787437260e-15
5.304524712730354484e-15
