3.172529871290671508e+03
3.160043070844530462e+02
3.102601234454251653e+02
8.980894227530034968e+00
7.662048669795448186e-01
6.415291935044827865e-01
1.835924742553809649e-02
1.647373812891796824e-02
1.196301843129266745e-04
1.117173893854470914e-04
3.179043556652316928e-05
3.186566032745675011e-06
2.295859774630082709e-06
4.818780902555536926e-09
4.303114220989132053e-09
1.824334968669879780e-09
1.393439116933176084e-09
3.312268716317069250e-11
3.190533530091661462e-11
1.122348769499183958e-12
8.895056698091732070e-13
5.267019887974181532e-13
4.500031070197872602e-13
3.955769830573573175e-13
3.427546012334018810e-13
3.161924497120605587e-13
2.966295777586913941e-13
2.753083083796612517e-13
2.552957403940147592e-13
2.456436177402389776e-13
2.332428947832377232e-13
2.233529831028375755e-13
2.163034738017398829e-13
2.130988880790757393e-13
2.118124032087102913e-13
1.996392092739791475e-13
1.957985812077831660e-13
1.940591916850431080e-13
1.837087354847537020e-13
1.803408733759509177e-13
1.655007598348826188e-13
1.525863887699899924e-13
1.238547279696335296e-13
1.155139091048615018e-13
9.930245780584434503e-14
9.445684869342443253e-14
9.274655596788504107e-14
9.053117528038899997e-14
8.858135649021368666e-14
7.978491898101065995e-14
7.773087754797288807e-14
7.724522089109579049e-14
7.567439337726871939e-14
7.533927826817768367e-14
7.398712408264517916e-14
7.213675234584708451e-14
7.188390997141618223e-14
7.124882864919110872e-14
7.040775646189513726e-14
6.948528248659340639e-14
6.845945162392626827e-14
6.767520103183315763e-14
6.696312630142450117e-14
6.640019892581672768e-14
6.518067968206486905e-14
6.452125446078621405e-14
6.418110153937282214e-14
6.400104856283542404e-14
6.292364544398678789e-14
6.247915131469124117e-14
6.225242123026577131e-14
6.098987321017937099e-14
6.039174652168248557e-14
6.003775214960972034e-14
5.993850923899600561e-14
5.939586584733189184e-14
5.843869122167707449e-14
5.813630415292964962e-14
5.788208111528916822e-14
5.718991359584156411e-14
5.687113354033781803e-14
5.683079922739136849e-14
5.655325343284499752e-14
5.611993205865385106e-14
5.593127606483568133e-14
5.551655130074431766e-14
5.528462882302578191e-14
5.498711727081863972e-14
5.465816425730886404e-14
5.446962862860699096e-14
5.417438607834581255e-14
5.384643903806943920e-14
5.368610245631913160e-14
5.352035680858386767e-14
5.296196164092688253e-14
5.288667913303796557e-14
5.261884284513305558e-14
5.247227017681480148e-14
5.214760051221713645e-14
5.188848260012946365e-14
5.157656131053731074e-14
5.132966791752973936e-14
5.118337564449157900e-14
5.092790733582016542e-14
5.068266575612144666e-14
5.041487265068198744e-14
5.027924059992822550e-14
5.018314915312142471e-14
4.994272452782583613e-14
4.958469794423378971e-14
4.937444127116481846e-14
4.918925498316990326e-14
4.907944816093208248e-14
4.900068290220443667e-14
4.862780909246447581e-14
4.853884710848687168e-14
4.846545073366158718e-14
4.833357551170706580e-14
4.809312873262282053e-14
4.798708560263614609e-14
4.774150769431222158e-14
4.760423159266847404e-14
4.753490820566744839e-14
4.749079952441829890e-14
4.729455743818744334e-14
4.720534414446681172e-14
4.690111131866796374e-14
4.685546891637511817e-14
4.660787334343319599e-14
4.643686030559584728e-14
4.639664055540434446e-14
4.629388823081903294e-14
4.609396941058341545e-14
4.605337047216626002e-14
4.576219327062312755e-14
4.565770863141462520e-14
4.558607857041336514e-14
4.549034012221435063e-14
4.525509411948648386e-14
4.509066646397572973e-14
4.506415044690894156e-14
4.496434564502201971e-14
4.489545649762067942e-14
4.481948290648196928e-14
4.467094939637446466e-14
4.454557976597082902e-14
4.442635810300237532e-14
4.440207341972542068e-14
4.431228248484560201e-14
4.410636314770452926e-14
4.398045770591720342e-14
4.391100156079856263e-14
4.373704157823817476e-14
4.364313157672361943e-14
4.354377211432654310e-14
4.339927768857099963e-14
4.334941434082868348e-14
4.320661970048974934e-14
4.309109533707232663e-14
4.300960194546015147e-14
4.290823422198171593e-14
4.289304755522895144e-14
4.280487686836267704e-14
4.272184461910120263e-14
4.256552634100748534e-14
4.254832682307497416e-14
4.248505685853641130e-14
4.243568133038181487e-14
4.227987305320191059e-14
4.225780879546098711e-14
4.224136513760337313e-14
4.205906386003501992e-14
4.196733775596576188e-14
4.179782409994208469e-14
4.175776448592423370e-14
4.171223999672523046e-14
4.168196843580547297e-14
4.152959859848251290e-14
4.149832005305506048e-14
4.138373891135245472e-14
4.129019829884032300e-14
4.117243449223393253e-14
4.112488168561389145e-14
4.105777200976093670e-14
4.101964785416335252e-14
4.090390088066608195e-14
4.086785237627945943e-14
4.083497062149822916e-14
4.074589674290832219e-14
4.067238787081174991e-14
4.063808777166000280e-14
4.056702613384785043e-14
4.049466262880016890e-14
4.038595194986002796e-14
4.035977246773551741e-14
4.032768604492355571e-14
4.019532442489613239e-14
4.010406525911204333e-14
4.000334887082078581e-14
3.995969672126280722e-14
3.987966621660439844e-14
3.978773047534842021e-14
3.974793372755302831e-14
3.969508028891479686e-14
3.961392675363227786e-14
3.952929741856572474e-14
3.946466525039862173e-14
3.938353238872481106e-14
3.926780230766506558e-14
3.925213054963237168e-14
3.920966654896819776e-14
3.914396931265952567e-14
3.908228012299990754e-14
3.894647279801791899e-14
3.889127992277902007e-14
3.882463381281136384e-14
3.874300171060906208e-14
3.871746786373680530e-14
3.867002036050467250e-14
3.858153992505197113e-14
3.849409322918216434e-14
3.843023189341855175e-14
3.838437334917615741e-14
3.836447449170332815e-14
3.832019820963904415e-14
3.820553400794205425e-14
3.816848719994278314e-14
3.813028422090405988e-14
3.806431497358787364e-14
3.797534609318152296e-14
3.786127543055128264e-14
3.785525460253876731e-14
3.778421404250972267e-14
3.771950089239343151e-14
3.768572246099299769e-14
3.759019936302912119e-14
3.755772491078800966e-14
3.751597700735762285e-14
3.746054800842463810e-14
3.741462159289771117e-14
3.732965649433958130e-14
3.728512289074903031e-14
3.725888910011439591e-14
3.713730410285820976e-14
3.711467851321636036e-14
3.703578508398761688e-14
3.693358293067454902e-14
3.690082683394450362e-14
3.686084865871106642e-14
3.679143406033120564e-14
3.676504059955498841e-14
3.673604339753919164e-14
3.664552495578483675e-14
3.656043319203439987e-14
3.654402088120273204e-14
3.652942300029058453e-14
3.644496230649897067e-14
3.640678115564920975e-14
3.629883573385221010e-14
3.624700674181290597e-14
3.623507428654360964e-14
3.619368589338970275e-14
3.617265058793077020e-14
3.606745620915893548e-14
3.599025698805476303e-14
3.594232560175592907e-14
3.588085322706977328e-14
3.584679945681868049e-14
3.579634388030150095e-14
3.575587178172015758e-14
3.566131223170579658e-14
3.558545219046680650e-14
3.554662084984162671e-14
3.552515483597240058e-14
3.542024247788979965e-14
3.538732558580986580e-14
3.534482480636857490e-14
3.528239486168194307e-14
3.524719468719877374e-14
3.518644159518519338e-14
3.510565982796926556e-14
3.508996234967484486e-14
3.501575512802256329e-14
3.498572219380235340e-14
3.494755860545782222e-14
3.489545631181017142e-14
3.479606765898210935e-14
3.477814879061975904e-14
3.472074473160367787e-14
3.468411099608327571e-14
3.458818279850178885e-14
3.455396029767403283e-14
3.451988706931434485e-14
3.443941223434397582e-14
3.440092142424106634e-14
3.434155735385542903e-14
3.428267909083707819e-14
3.425037241009274480e-14
3.421069578137427567e-14
3.416316486857176049e-14
3.408853608571519771e-14
3.406180068169290151e-14
3.395014542324762567e-14
3.394081610534142125e-14
3.390526228314201901e-14
3.386280583732776846e-14
3.380757892712520350e-14
3.375886266425046379e-14
3.369211873765626262e-14
3.362972652258340874e-14
3.361404522847766299e-14
3.358866464725193454e-14
3.351375319960452838e-14
3.346084573794850032e-14
3.343362456423549508e-14
3.340691372799121152e-14
3.335741625791103704e-14
3.330357176726996678e-14
3.325213496429364774e-14
3.315805665984500506e-14
3.312604395745587847e-14
3.309902119877427282e-14
3.300821745917632058e-14
3.297311827020651665e-14
3.296123971378511712e-14
3.292488797654782518e-14
3.287335707228597958e-14
3.284146605497449523e-14
3.279840337182855909e-14
3.274323305134031059e-14
3.267097908291183864e-14
3.259268276122287286e-14
3.255381548159327671e-14
3.251893848708097810e-14
3.248014266203672564e-14
3.245581096110962886e-14
3.241591279503493441e-14
3.239643147887704533e-14
3.235503192173651512e-14
3.229290597680104707e-14
3.225474749374037159e-14
3.217427916121458983e-14
3.215024404541556249e-14
3.214226680375002204e-14
3.207723998531768195e-14
3.206041156733185584e-14
3.198717763284804314e-14
3.192121379526237315e-14
3.186088929598902435e-14
3.181367642112409182e-14
3.175098770938481241e-14
3.169240938708996657e-14
3.168419176330628635e-14
3.166456515414952925e-14
3.160870506817765413e-14
3.158939064344875810e-14
3.154626135265773680e-14
3.153506667329826894e-14
3.143541622925685813e-14
3.138967972490781307e-14
3.134138800094655560e-14
3.129164819637029783e-14
3.125726477219917000e-14
3.123472769052739674e-14
3.118814985741672605e-14
3.117196498982916041e-14
3.112687623503789740e-14
3.100887240529452486e-14
3.098022485980531372e-14
3.093519948381951141e-14
3.089464834862878848e-14
3.082401957204222399e-14
3.078316700862560726e-14
3.077759851606559655e-14
3.075304416522461563e-14
3.067916230293752644e-14
3.064912511323393411e-14
3.062958463114126576e-14
3.058711907846240290e-14
3.054111288006244945e-14
3.050246438901463921e-14
3.045556278348406188e-14
3.040221082952082350e-14
3.038161962387207101e-14
3.035873361266660419e-14
3.031055310274468423e-14
3.027046374186445238e-14
3.019978016578848639e-14
3.016376408549580316e-14
3.008745841384683553e-14
3.006025899485076178e-14
3.000776649523582083e-14
2.995449693822439014e-14
2.990852266923339584e-14
2.988757626487423613e-14
2.985896791944618306e-14
2.983768598025695944e-14
2.976849130226241446e-14
2.976335854324089500e-14
2.972953240791286070e-14
2.966724021546371178e-14
2.962244211902070158e-14
2.959534822203080201e-14
2.956165106104314396e-14
2.954063542740717234e-14
2.949696370247566769e-14
2.940930653570990269e-14
2.939667290273156258e-14
2.937944929528076733e-14
2.931233142896280737e-14
2.928420830205944340e-14
2.924674725255345312e-14
2.921269156965236074e-14
2.914861574164550143e-14
2.909312176211313609e-14
2.908092760028261833e-14
2.903494961574848056e-14
2.899989854198325194e-14
2.897239828902689659e-14
2.891044435978635957e-14
2.883286941900909562e-14
2.882440165267347332e-14
2.876027147369756655e-14
2.874979372349616510e-14
2.868251266881174300e-14
2.865580300163740327e-14
2.862597750840011458e-14
2.861658136161732796e-14
2.855597929683107154e-14
2.851870521660314993e-14
2.849506289205115420e-14
2.846422755367185436e-14
2.840758017352056393e-14
2.833833934935704663e-14
2.828408527743009639e-14
2.827818304098302735e-14
2.820824194135971049e-14
2.816711076678553315e-14
2.812408303177331148e-14
2.806292878885651185e-14
2.805075441945509678e-14
2.800887352732060677e-14
2.798654531075098731e-14
2.794680484908115963e-14
2.788759401106006900e-14
2.788449650526146089e-14
2.785080271743215044e-14
2.778999162184578846e-14
2.775582090652788837e-14
2.772875983008197506e-14
2.769571142418840362e-14
2.764756861477978866e-14
2.761174392865480142e-14
2.758039371621730724e-14
2.752470293571661586e-14
2.749956265942283092e-14
2.746959476548268334e-14
2.745981998477420018e-14
2.743084411378543493e-14
2.738254444249166314e-14
2.735359015373930521e-14
2.733540814996007272e-14
2.729279059005963847e-14
2.725967023932310826e-14
2.724940503410881247e-14
2.714050223892945849e-14
2.708432955314662548e-14
2.705124505068106822e-14
2.699232404165680199e-14
2.697796597346039908e-14
2.691316751494208253e-14
2.686895489826017240e-14
2.684221816478548002e-14
2.682755564440291594e-14
2.678759431920335413e-14
2.676523548330524383e-14
2.669709392201854536e-14
2.667269124180643439e-14
2.661924423114115973e-14
2.660124952026937765e-14
2.657479919761590890e-14
2.655449520244991440e-14
2.646800096228792065e-14
2.644586869458353525e-14
2.642515443809756633e-14
2.638648396585206094e-14
2.632670512949047304e-14
2.629141605673957938e-14
2.626832634492253907e-14
2.621513743494812756e-14
2.618802449086762144e-14
2.615874829859017030e-14
2.614641524941020759e-14
2.610225829113226406e-14
2.606982101536699494e-14
2.603784559126951392e-14
2.598032571917767073e-14
2.591473434883090947e-14
2.589158508368195703e-14
2.586350222394736560e-14
2.585118262107751463e-14
2.580593289662576058e-14
2.577477505431823131e-14
2.568990043006694226e-14
2.568204473827075245e-14
2.561254712880408190e-14
2.559066375918503894e-14
2.558385563040823705e-14
2.551825484445741435e-14
2.551065110860268544e-14
2.547914983531955326e-14
2.544608917562349302e-14
2.542023796995965789e-14
2.537582948149936712e-14
2.531844152080929496e-14
2.525120312971643213e-14
2.522697083317347820e-14
2.517437948007000860e-14
2.513547811554073723e-14
2.511456443762386101e-14
2.509422915469922950e-14
2.508497024647946071e-14
2.505922288887084861e-14
2.502712573106345398e-14
2.499676364142720999e-14
2.494660837909552877e-14
2.489716405489008655e-14
2.486445915017543428e-14
2.484767599412185170e-14
2.480191647659055377e-14
2.476755416217339694e-14
2.473362935492268814e-14
2.468388873873447687e-14
2.463008075902924624e-14
2.460831126791326557e-14
2.458269849047214227e-14
2.456659861091739625e-14
2.453183275939483521e-14
2.449432288343334303e-14
2.445577423004741629e-14
2.442124686988964423e-14
2.439005283556126336e-14
2.436699695525307279e-14
2.434457306651238177e-14
2.430963060343518597e-14
2.425038503182970539e-14
2.419187766624652743e-14
2.415516228778928339e-14
2.413829355956662799e-14
2.411354450625014824e-14
2.408572708777354337e-14
2.404963522962580552e-14
2.395891466501978325e-14
2.392572548580939732e-14
2.389550246436861370e-14
2.387787735309359404e-14
2.385053376289233560e-14
2.383051623378639157e-14
2.380638004749324469e-14
2.379094514521954774e-14
2.373636104643861686e-14
2.370989437478685767e-14
2.368880423166709059e-14
2.366045793785234815e-14
2.361371655472967362e-14
2.357633334785092639e-14
2.354401562406270577e-14
2.353057026102842852e-14
2.350272388313165741e-14
2.349533640297572015e-14
2.343321531688328889e-14
2.340667755996232084e-14
2.337630206944595661e-14
2.329411024544891720e-14
2.324801356701819553e-14
2.322621499053744530e-14
2.318145425307748568e-14
2.315156745643192187e-14
2.313708639370837407e-14
2.309025640250990028e-14
2.307007996799902549e-14
2.306089832520519217e-14
2.301501043254506087e-14
2.297471681388673672e-14
2.296025768886260152e-14
2.291057687436359574e-14
2.287990456569471830e-14
2.284487544410821700e-14
2.280270264131296496e-14
2.278625240730917751e-14
2.277092497153521122e-14
2.272576362797053428e-14
2.270137693690980648e-14
2.266940140930209009e-14
2.264739036053129123e-14
2.263852762945853249e-14
2.258431228575975109e-14
2.253704734484123557e-14
2.249575015602789633e-14
2.246945309727171680e-14
2.244130329925251231e-14
2.241336198498516216e-14
2.237319973065921952e-14
2.233788273503130468e-14
2.229765221539579138e-14
2.223739310582309753e-14
2.222276838753151923e-14
2.220486680178698495e-14
2.218322774698170238e-14
2.212626168448203357e-14
2.208588689997991501e-14
2.207111664906441432e-14
2.202932161995017327e-14
2.200727087536664893e-14
2.197309477469568170e-14
2.192687002207578301e-14
2.192246721866965268e-14
2.184332566926382621e-14
2.182066945649698874e-14
2.176394870388956311e-14
2.175748191168338888e-14
2.172154951107603290e-14
2.169494246016110138e-14
2.168367446328123535e-14
2.161464969370411171e-14
2.158712449881248626e-14
2.156304769477442959e-14
2.153513179227574362e-14
2.150997764924335986e-14
2.146769189948652849e-14
2.146054804207908075e-14
2.140203388781726338e-14
2.139687868787362636e-14
2.136535146134104036e-14
2.131877315631269465e-14
2.126199793486934881e-14
2.123909311837242730e-14
2.122054989330355746e-14
2.119493312789675727e-14
2.114837675632481902e-14
2.112812151696812156e-14
2.110610186694752245e-14
2.105955925733425393e-14
2.102783861568283640e-14
2.097043955559728929e-14
2.094460746202774548e-14
2.088511302097652709e-14
2.085906525193823915e-14
2.084974487874351119e-14
2.082367748441551998e-14
2.078155218392123096e-14
2.074264638274918201e-14
2.073786608903364479e-14
2.070144305626471051e-14
2.067786575012049146e-14
2.064163026963007399e-14
2.061886929872515329e-14
2.060183216355257843e-14
2.057593014152178509e-14
2.054371137078955435e-14
2.048933708495497960e-14
2.047644819344454101e-14
2.043115684735901304e-14
2.041410703558134439e-14
2.036798085971942420e-14
2.029226180511935168e-14
2.028695127086048573e-14
2.026751421058807006e-14
2.025000951533163827e-14
2.018755862715117681e-14
2.017610498357918470e-14
2.015465301168845391e-14
2.011271719362790866e-14
2.009322596614219649e-14
2.006917935279416206e-14
2.004486518011345430e-14
1.999347975022802662e-14
1.997482328674700587e-14
1.995575404702703899e-14
1.993278984791745557e-14
1.987915027296754913e-14
1.983932837575192246e-14
1.980387475009279175e-14
1.979011484726905816e-14
1.977508468603961711e-14
1.971715829622086777e-14
1.970318473549864130e-14
1.967697767634363535e-14
1.958381734562883265e-14
1.956516564531052165e-14
1.954343255897205593e-14
1.952174732102026796e-14
1.950756853566938028e-14
1.946915595825354888e-14
1.944331393764760108e-14
1.943610454972890282e-14
1.940542546283120866e-14
1.936806473736913798e-14
1.933520960570747545e-14
1.932533362204412058e-14
1.931083853459098184e-14
1.927265269332935275e-14
1.923070611821648604e-14
1.919104646266399823e-14
1.918025979384528890e-14
1.911624409092299333e-14
1.911405196221903051e-14
1.909237840477349981e-14
1.907251985230913803e-14
1.902144659328188905e-14
1.900689474634338499e-14
1.897830461660323191e-14
1.895420302650960256e-14
1.890851874266940124e-14
1.887298334083722621e-14
1.885202710572927677e-14
1.881421389575948706e-14
1.879179534205224673e-14
1.873552329242876762e-14
1.869287537869562184e-14
1.868406244479479094e-14
1.867977620815689896e-14
1.863216702774818840e-14
1.857273060132187277e-14
1.853332244289141733e-14
1.852229287975992768e-14
1.846131413725827710e-14
1.843702567125861390e-14
1.841097928589491554e-14
1.838917588071253498e-14
1.835557463963309621e-14
1.832600611030635933e-14
1.830806355435681537e-14
1.828290201442757193e-14
1.827088696499748306e-14
1.822577204402545540e-14
1.818848161762816799e-14
1.816880635651250920e-14
1.812495079714518601e-14
1.807943282112482877e-14
1.805061199146668619e-14
1.802797841142758839e-14
1.797856250484850908e-14
1.796953999917615677e-14
1.795952421799549540e-14
1.792539245893827401e-14
1.790327870953775229e-14
1.788046352876627401e-14
1.785907671498020165e-14
1.782472243183797039e-14
1.778869695133393724e-14
1.775897927289469101e-14
1.773484829291525456e-14
1.772291148709999626e-14
1.767093484860769136e-14
1.765430293574651328e-14
1.760010755199387748e-14
1.756718094883515758e-14
1.753250240037053702e-14
1.751604945260503369e-14
1.745746654329625282e-14
1.743826645483815089e-14
1.742365235322096030e-14
1.739782816555159292e-14
1.737584480471277917e-14
1.736133629323515534e-14
1.733314308185701890e-14
1.728066217866118062e-14
1.727394059715216076e-14
1.726250222632240891e-14
1.722526794271437524e-14
1.720559295390409141e-14
1.715014499945050527e-14
1.712998796499205783e-14
1.712210471967666507e-14
1.706500209963629788e-14
1.703902483010728789e-14
1.702770663051350956e-14
1.699263069362995613e-14
1.695779641721338378e-14
1.690036843455747114e-14
1.687760762896400137e-14
1.683702154649386562e-14
1.682629085252635522e-14
1.681237190400341421e-14
1.677322679890179872e-14
1.673784065816154439e-14
1.671036082869751992e-14
1.668145453247380754e-14
1.664537143426384277e-14
1.659950374582984712e-14
1.656093024392349185e-14
1.653168322243626740e-14
1.651863493089142847e-14
1.650996641402546746e-14
1.646650042459467022e-14
1.642433383997612601e-14
1.639384566762086210e-14
1.637181593331073582e-14
1.635559320937487408e-14
1.627425001769041537e-14
1.626799413957305068e-14
1.625514908882870489e-14
1.623562904617859535e-14
1.620735045884127543e-14
1.617360645783539366e-14
1.615557390493472494e-14
1.613627620424220628e-14
1.610961796629569026e-14
1.605059188220855102e-14
1.601951490465019912e-14
1.599946456042741413e-14
1.597302040618449840e-14
1.593507629179257997e-14
1.589388309626830341e-14
1.585658006838962268e-14
1.583778781405495739e-14
1.578239264783221337e-14
1.577711368194503973e-14
1.574167315254090943e-14
1.572876756894508691e-14
1.569175899811080059e-14
1.566905250362545131e-14
1.563243127227037448e-14
1.559774329712745798e-14
1.559271191939458451e-14
1.554293906719211770e-14
1.553098811984457537e-14
1.549529570413837530e-14
1.545923023158880305e-14
1.543753278684012545e-14
1.539629822132610995e-14
1.538362642868324454e-14
1.536053562730346844e-14
1.535179115509965119e-14
1.529623590465753358e-14
1.527960754937770732e-14
1.526858410103737117e-14
1.523348443105736152e-14
1.515168450782627651e-14
1.512817876002853532e-14
1.509391648444305748e-14
1.505316199806082989e-14
1.503763305552170133e-14
1.500011270784986435e-14
1.496768737141079227e-14
1.495510856382107224e-14
1.493477058659910093e-14
1.492675276963052765e-14
1.488802451038822454e-14
1.488090465649452936e-14
1.485025044197110484e-14
1.478216940643338655e-14
1.476062512431797166e-14
1.472254645924194414e-14
1.469884268099182845e-14
1.466111201819956318e-14
1.464189326660616850e-14
1.458973004449179501e-14
1.457139119643243344e-14
1.455435672889909560e-14
1.452463471056798404e-14
1.450098678144993618e-14
1.447200552781827646e-14
1.444993929314777037e-14
1.439962008967251017e-14
1.434130039019824674e-14
1.432402665728530872e-14
1.430828681155227179e-14
1.426169282790122955e-14
1.424968110348111050e-14
1.423292422689651882e-14
1.420810803935153425e-14
1.419513263069422077e-14
1.411040585605429486e-14
1.410267710271135315e-14
1.405509371452535452e-14
1.402725684872213650e-14
1.400163849680070236e-14
1.397811334943509162e-14
1.393674693848414586e-14
1.392509741323207306e-14
1.388139301155449615e-14
1.386087332279928332e-14
1.383633116226957209e-14
1.377382451970361255e-14
1.375450879815762063e-14
1.371322260083839460e-14
1.366239890351598057e-14
1.363580579121493115e-14
1.359375934728320914e-14
1.356874093170706217e-14
1.352019693097209558e-14
1.350639578456809895e-14
1.347926403339275321e-14
1.345086065741439173e-14
1.341307961769887133e-14
1.336818491867662364e-14
1.335246478063723628e-14
1.333231387043955644e-14
1.329817299905041179e-14
1.324364964237288080e-14
1.321007766360182047e-14
1.317964367466544789e-14
1.316538410603010030e-14
1.310989171197646833e-14
1.306760929815774264e-14
1.303736456650994690e-14
1.301480061250479418e-14
1.298740552119838401e-14
1.296512020249571797e-14
1.294922016779546606e-14
1.291380795742718486e-14
1.287614803530171992e-14
1.286556217174025749e-14
1.280969780573648633e-14
1.276535603938877671e-14
1.274484143310971846e-14
1.270609276066950945e-14
1.269549366735106904e-14
1.266571092248718880e-14
1.263302990788868884e-14
1.257835213146109206e-14
1.254860107191374996e-14
1.252600871295930797e-14
1.248457488027194792e-14
1.243516507407825920e-14
1.240906286257115408e-14
1.239755701916440775e-14
1.233760434723247868e-14
1.231983059847892190e-14
1.227017520206189565e-14
1.225304580223813462e-14
1.221112013516844891e-14
1.219519317382587943e-14
1.217080892540096582e-14
1.211250967555431218e-14
1.201943812876473598e-14
1.196947160856875440e-14
1.196695859456443613e-14
1.191220249430754275e-14
1.185945116519266631e-14
1.183178283921314381e-14
1.181623601908727651e-14
1.176472173953405031e-14
1.170407244211710431e-14
1.169919754579498731e-14
1.167784440381218654e-14
1.160178632742107900e-14
1.155511384129498876e-14
1.152372002503753974e-14
1.148966476470254082e-14
1.143713842838084622e-14
1.138719462680539842e-14
1.136863691663734376e-14
1.131743754111042270e-14
1.127058388919496381e-14
1.114881173757605713e-14
1.112471090122229098e-14
1.106932008389846990e-14
1.105952755140829078e-14
1.095399374077797507e-14
1.091529953122593380e-14
1.084182355851071036e-14
1.077425586859773035e-14
1.073990754093478229e-14
1.073225534892271087e-14
1.057850980915463223e-14
1.053681361499799814e-14
1.043705910179991572e-14
1.040655662390925844e-14
1.032972550650002211e-14
1.000337769281654826e-14
9.914014012334137274e-15
9.775550688752613628e-15
9.599942312709539136e-15
9.508540826166825005e-15
9.442371846908245162e-15
9.295001633640761374e-15
9.279021976447825898e-15
9.135385290358329403e-15
9.015195522672952091e-15
8.990151686445172717e-15
8.864910052922817127e-15
8.803069432892961777e-15
8.734359799571180174e-15
8.610427139194173353e-15
8.503118486549502171e-15
8.266520397804936942e-15
8.249513945604279578e-15
7.981483790081440999e-15
7.758620479882936743e-15
7.582697744243424357e-15
7.451380120654279637e-15
7.321224159802493993e-15
7.194803129908722788e-15
7.038562973104045378e-15
6.779392337878570281e-15
6.550040079816956875e-15
6.421398119456261174e-15
