9.154569448484614895e+02
5.935576528089071644e+02
5.886790231849024622e+02
4.424145299736273955e+02
3.675797247980033262e+02
3.422064967210200734e+02
2.682057843581220027e+02
2.594474994886991794e+02
1.835715988178867804e+02
1.793698724302229266e+02
1.636637029247205817e+02
1.458262435964456074e+02
1.332297552999023651e+02
9.713328966869200087e+01
9.517857488481014627e+01
9.078524275997928328e+01
8.793846472290348970e+01
7.634928771091067290e+01
6.669230212902954236e+01
5.845682644151906970e+01
5.083856391127977048e+01
4.878683289722210503e+01
4.267654488918479672e+01
3.986978819542857622e+01
3.395849902241112517e+01
3.257689580397581608e+01
3.115069166342461671e+01
2.849452813708262511e+01
2.428091391847708636e+01
2.256809058967705184e+01
1.837323427250489871e+01
1.769523137997743589e+01
1.724205174231195414e+01
1.491885045567993195e+01
1.467112383201448722e+01
1.427041096422159860e+01
1.340525179839831260e+01
1.071952193310807822e+01
1.037298131138827451e+01
8.634311433065823493e+00
8.201695621347100840e+00
7.005997111775219999e+00
6.800040296880343504e+00
6.583369553118338047e+00
6.058646278525994688e+00
5.615410680285844336e+00
5.487168472117454954e+00
4.213097803478892622e+00
4.143918607899281348e+00
3.733884179691038696e+00
3.703128070602107691e+00
3.629199293243801083e+00
2.516767737288901241e+00
2.453553863423560966e+00
2.340752317139801697e+00
2.139542373891815785e+00
1.939763742177817551e+00
1.859497447953163185e+00
1.786791083744472708e+00
1.663319678861085782e+00
1.425755769887290469e+00
1.327587100525999375e+00
1.279945357103051684e+00
1.236696836496720575e+00
8.490162562121266188e-01
7.939996168618304040e-01
7.462676131483594322e-01
7.096966880649072662e-01
6.429040992275720789e-01
6.302428883800688109e-01
6.091043131232855012e-01
5.462620381355034471e-01
4.991154118687514130e-01
4.642064862498975764e-01
4.273184003685991383e-01
4.113160294595383792e-01
3.675680460654432991e-01
3.016100101038491355e-01
2.901375060397110017e-01
2.542386672027749928e-01
2.364548463854711791e-01
2.232462683889605837e-01
2.186176761269859325e-01
1.612650568535078655e-01
1.549560939446274488e-01
1.386132717626223365e-01
1.341662348346726319e-01
1.246948795609024996e-01
1.223908027362049650e-01
1.117899704904988800e-01
1.037948083300193614e-01
1.004508480445693158e-01
9.292060198042766117e-02
8.879202126018756469e-02
6.746978041048409813e-02
6.669541863414292504e-02
6.205085602847489751e-02
5.858132045197601140e-02
4.016998971145962355e-02
3.790665328250059779e-02
3.636040419502953314e-02
3.489975048022195964e-02
3.417631010388529761e-02
3.239371696416461915e-02
2.998153142439464319e-02
2.877220378666526038e-02
2.534819128320493428e-02
2.522663267557573655e-02
2.241609167058287999e-02
2.072966251068714474e-02
1.740547442147589996e-02
1.596556621291921052e-02
1.366010122682217651e-02
1.347539184161342975e-02
1.181968292734184370e-02
1.077643672329710138e-02
1.011072307572148318e-02
8.412273754087521219e-03
7.833443393044887265e-03
7.423591374320978944e-03
7.169373917941589645e-03
7.102175149546858905e-03
6.202333793124443703e-03
5.632974612917039832e-03
5.351424078431718176e-03
4.368294996351929776e-03
4.110463244129051140e-03
3.937482578692112420e-03
3.635039604114816830e-03
3.501533951108388477e-03
3.353301822389656746e-03
2.814667506610921046e-03
2.784601255484653228e-03
2.696770349234262846e-03
2.568830128438133204e-03
1.724830954745481789e-03
1.533926560184976440e-03
1.515203053485584790e-03
1.436072245709859837e-03
1.253691925913003090e-03
1.204893823775744083e-03
1.049473093683250379e-03
1.008095512245640738e-03
9.381833159879013036e-04
9.030729409637704326e-04
8.470944885787074982e-04
7.759592386171316981e-04
7.583309966058592380e-04
7.376671233639834268e-04
6.677470934136449853e-04
6.071189997270791394e-04
5.835244888536143598e-04
4.841828487989924029e-04
4.503441333241837074e-04
3.162173037956322983e-04
2.985997706736325820e-04
2.685781756879782739e-04
2.617307704327120422e-04
2.469035592274386936e-04
2.423632386963508762e-04
2.094813575381635135e-04
1.904969118778299597e-04
1.840389741723533830e-04
1.743477078269524492e-04
1.522538460840921993e-04
1.402737536364574700e-04
1.298356011308619590e-04
1.266852243837173874e-04
1.210059913618445420e-04
1.155337320216703645e-04
1.140753228584122001e-04
1.019058371792389315e-04
7.419357353473852686e-05
6.912391891112654792e-05
6.557627928276955583e-05
5.882981964319846892e-05
5.683463566044655302e-05
5.355704198107029483e-05
5.219411945469202359e-05
4.072164070329812663e-05
4.019041249926122954e-05
3.933934871545687116e-05
3.542961128933525412e-05
2.670636708979940276e-05
2.472385312319386809e-05
2.210792032464047480e-05
2.093444843605825193e-05
1.985862948931167132e-05
1.916686602861406865e-05
1.793570213538537954e-05
1.740658153390688785e-05
1.518665344063729265e-05
1.416691587380660928e-05
1.339302473568554270e-05
1.248314069806282867e-05
1.149433300358950505e-05
1.045569291594521713e-05
9.189449250295933183e-06
8.968111947644926633e-06
7.798433739047212182e-06
7.541004895920569764e-06
6.988561950525123719e-06
6.196393187050523438e-06
5.137715599517758524e-06
4.777780484000404200e-06
3.588799619468508583e-06
3.401278129056724648e-06
3.145417209308874003e-06
2.891125300912561136e-06
2.783471865535335852e-06
2.744910318562602800e-06
2.652393828705702812e-06
2.528193101633353701e-06
2.419618158118308161e-06
2.317029581071455757e-06
2.179207908395654726e-06
1.888290064130992319e-06
1.761164988829849842e-06
1.647309798267786773e-06
1.476837669885831870e-06
1.139244706183642884e-06
1.092897977756206577e-06
1.054899279358508688e-06
9.612638242215074480e-07
9.081746445636622802e-07
8.774047389880290888e-07
6.726955223239845871e-07
6.529430545965002252e-07
5.857481165449979479e-07
5.482191562368986285e-07
4.952872984190799556e-07
4.522590889064035263e-07
3.965947290566098936e-07
3.780753892762633532e-07
3.071261933360114375e-07
2.932318320121493783e-07
2.885337175725052682e-07
2.830469293181935520e-07
2.591856230907291247e-07
2.460670795376278236e-07
2.240612098160102341e-07
2.022088458054533716e-07
1.752916042301133863e-07
1.631640872008392036e-07
1.357120900976947685e-07
1.268455268529938333e-07
1.262653578574109776e-07
1.230154860188715329e-07
1.174977001489342743e-07
1.151777511055916938e-07
1.042439489054256254e-07
9.966036273234224763e-08
9.607142790187430810e-08
6.966873162787741650e-08
6.778148074807679860e-08
6.385425386398999279e-08
5.926015856177050815e-08
4.695712259557288063e-08
4.354752129602671587e-08
3.831758995433554828e-08
3.593430375021605237e-08
3.058034515663219506e-08
2.798854525425066757e-08
2.568528105445578949e-08
2.447830597608796624e-08
2.238432380093767320e-08
2.112437452130300074e-08
2.018994983562354358e-08
1.880849729383333886e-08
1.690975661175492377e-08
1.636622902236748586e-08
1.534145548040991412e-08
1.514591114635692724e-08
1.456695269534211171e-08
1.330506879573470384e-08
1.245819622232485642e-08
1.152080652373915442e-08
1.008662460925476375e-08
9.402666053886971475e-09
9.301072746641323353e-09
8.380212869693501583e-09
5.335882393598742396e-09
4.888605230141929496e-09
4.781951705522290586e-09
4.553394601193372175e-09
4.292649667857598529e-09
4.055363558667507657e-09
3.517797546517872407e-09
3.006768747435405469e-09
2.819227325563529168e-09
2.724765438915721567e-09
2.434856765043129578e-09
2.114952036944829925e-09
2.054293556623436418e-09
1.982232204578133637e-09
1.877030884709862877e-09
1.646259549781260898e-09
1.584392152537704308e-09
1.505741325665390104e-09
1.417219695539682595e-09
1.199359391596057663e-09
1.163169104221089585e-09
1.122053870847424349e-09
1.088138051855428283e-09
9.987393123162815259e-10
9.055387226273187133e-10
7.547923266644922778e-10
6.331452068906436839e-10
5.488415556738023415e-10
5.078366739019836537e-10
4.389072674833125252e-10
4.177940193673322847e-10
4.125395238323875792e-10
3.963716898686600847e-10
3.801189908462006227e-10
3.783777145686974778e-10
3.546612478519216322e-10
3.223449830059902700e-10
2.268956525070013414e-10
2.221650747374675050e-10
1.937879935788486967e-10
1.757515175564157349e-10
1.438616885956847347e-10
1.378731735296969968e-10
1.218092163790852720e-10
1.169879271411184861e-10
1.091837281249725518e-10
1.008906733977656246e-10
9.982827666007808878e-11
9.376067358333083304e-11
8.298149093683640626e-11
7.955983549862742930e-11
7.703523687106200378e-11
7.297844323987925219e-11
6.873359351557694967e-11
6.810935610890812558e-11
6.498205111955055877e-11
4.992405294888706968e-11
4.766098803285675950e-11
4.296197616038508262e-11
4.195008878849756319e-11
3.758459450923763044e-11
3.620173251984115817e-11
3.154034090599810775e-11
2.962269931809313579e-11
2.767976093857779021e-11
2.414849417753926618e-11
2.197190534870704155e-11
2.000165911605032837e-11
1.262159399086870478e-11
1.225376756519904955e-11
1.103910625694013991e-11
1.079201166269731643e-11
1.011357483641101557e-11
9.466833231951232276e-12
9.072941505240958976e-12
8.674119077727067129e-12
8.129326088439687898e-12
7.644453609672934835e-12
7.122767764905318308e-12
6.900769180921537020e-12
5.720631913068445872e-12
5.650901234884834557e-12
5.519960411088939002e-12
5.274818477969531812e-12
4.638836700007427829e-12
4.448206608087832900e-12
4.167587367081857324e-12
3.925647934299311013e-12
2.990435306758454599e-12
2.671531857464183695e-12
2.535467065531378060e-12
2.251514607878775979e-12
2.125727590354396216e-12
1.979287443315917263e-12
1.850701283564477519e-12
1.785784150805847252e-12
1.562373853658805982e-12
1.491912811316770296e-12
1.365238259084668543e-12
1.285122616500538242e-12
1.048433748187989531e-12
1.030521998785189626e-12
9.380161070943535461e-13
7.759315692952323884e-13
7.689639193020583692e-13
7.572631924658494279e-13
7.392427648339137947e-13
6.741410661643290319e-13
6.687743203337066074e-13
6.553508492647127875e-13
6.285888274543286645e-13
5.973844290934433678e-13
5.809004751055053626e-13
5.558499031973548210e-13
5.546047014126849062e-13
4.765115693629547209e-13
4.604876825579112508e-13
4.410480357845883138e-13
4.316147180723871256e-13
4.176768276936774436e-13
4.026823647473474449e-13
3.924715255920600413e-13
3.853832564522655833e-13
3.763171402767909109e-13
3.620012453357072370e-13
3.590875102871806036e-13
3.478474478123991652e-13
3.438700570499835765e-13
3.267809989505298638e-13
3.207542839656338693e-13
3.196111427462724604e-13
2.903261044899711568e-13
2.764591662185719519e-13
2.564973955885030472e-13
2.510960639990676671e-13
2.445549019319795321e-13
2.121471909857531133e-13
2.084907353921601017e-13
2.008721223475811424e-13
1.889259618767318035e-13
1.714312532692652152e-13
1.666137739142433208e-13
1.600946784534917298e-13
1.515638665739424645e-13
1.465330650092007484e-13
1.438809883694087567e-13
1.426907714543148298e-13
1.393223112108639591e-13
1.302409595066373650e-13
1.235112143813982603e-13
1.164076543263781224e-13
1.105168256942168978e-13
1.080756634642903683e-13
1.034482135662651239e-13
1.028441275004632431e-13
1.010431927617985055e-13
9.778601778140934709e-14
9.588951562745089005e-14
9.182836991361077105e-14
9.038794943923914397e-14
8.489202828347000285e-14
8.260363528381811026e-14
7.271746973598911199e-14
6.733142638649761445e-14
6.420037902811485903e-14
5.766308366652933934e-14
5.252423773713215981e-14
4.213483396672595435e-14
3.918426759086929952e-14
3.774938956714875172e-14
3.612099992175868477e-14
3.511952358105051672e-14
3.327020845067622280e-14
3.311866488189182330e-14
3.202172396937266870e-14
3.146459377216624091e-14
3.039438666614524485e-14
2.998464371161477359e-14
2.895254102015597901e-14
2.867744051233582260e-14
2.758518329971779458e-14
2.673976173639973364e-14
2.627819527006306250e-14
2.514486971005254716e-14
2.509350191758726977e-14
2.489987724093805022e-14
2.474911189181738644e-14
2.381922529001489249e-14
2.370100096886139030e-14
2.323799962172635997e-14
2.317186190191094599e-14
2.246311993272395373e-14
2.242665669528769328e-14
2.212116046785611807e-14
2.183726410114406784e-14
2.164727714399249043e-14
2.100556245142832974e-14
2.074581171502641801e-14
2.040855626550822397e-14
2.035099581461398938e-14
1.989683723063271279e-14
1.973422213856067460e-14
1.956997656490045756e-14
1.932791153189611263e-14
1.923418303254359988e-14
1.888671994445581394e-14
1.859277036997184173e-14
1.850551840204758362e-14
1.840539619128168869e-14
1.831382537310734566e-14
1.817216842904843722e-14
1.781081548248470063e-14
1.770790017413551379e-14
1.751330450891036773e-14
1.743601012882694478e-14
1.720056864546757010e-14
1.704852109954267070e-14
1.695466035665795923e-14
1.690465500879263790e-14
1.676958224195287588e-14
1.659870581257626929e-14
1.642100887834271602e-14
1.621521750092014836e-14
1.617992678967620651e-14
1.607381198631271701e-14
1.600182796615439332e-14
1.591109809988382256e-14
1.572878548335198098e-14
1.560959847426006400e-14
1.550221411466941991e-14
1.541451224656412981e-14
1.530331488733208157e-14
1.525104818409364095e-14
1.514993747356204528e-14
1.512890096790898374e-14
1.496044406715959966e-14
1.490890281229588187e-14
1.478034241093676388e-14
1.463714213909198466e-14
1.454241543773082680e-14
1.452409014481710623e-14
1.444233546975072028e-14
1.435023329089459102e-14
1.423956990320666869e-14
1.418667689231024481e-14
1.415803838779491870e-14
1.405425880303169890e-14
1.403155235448527631e-14
1.384661222675759391e-14
1.379111298573836713e-14
1.378242991153283899e-14
1.368672791009720366e-14
1.357906369914255744e-14
1.357832814969249909e-14
1.342192954744353141e-14
1.336335675403069827e-14
1.330323679561875349e-14
1.329056199782302552e-14
1.323491896448190563e-14
1.317702302667936569e-14
1.315042389623959522e-14
1.311200904092156942e-14
1.302390843469690084e-14
1.295734899749989468e-14
1.292950058909365390e-14
1.287673118866478298e-14
1.283339065788898055e-14
1.280166292429013652e-14
1.275897732313168805e-14
1.269139459004802160e-14
1.266268218470104272e-14
1.262896270116629567e-14
1.259400919587212030e-14
1.250571178316940558e-14
1.247313084538635237e-14
1.246823628606003097e-14
1.239244984554464029e-14
1.233843901713952208e-14
1.228366174086767224e-14
1.223846859818219755e-14
1.222251559057594150e-14
1.217924602302167172e-14
1.213270075829540803e-14
1.212097068329651413e-14
1.207100469663759069e-14
1.203220253547370830e-14
1.197309192722105949e-14
1.195195602929564837e-14
1.189863137314720672e-14
1.185352938276028433e-14
1.183056257134203209e-14
1.179527086821982208e-14
1.176872949834243593e-14
1.174519249421516603e-14
1.171547076097012940e-14
1.165327989545301277e-14
1.162666837068757782e-14
1.159897384292301612e-14
1.156686219278102812e-14
1.154345867897848456e-14
1.151873606403959558e-14
1.147970847298338754e-14
1.142483893866598402e-14
1.141789185444402533e-14
1.137271087187212549e-14
1.137091677664681614e-14
1.129981267182775642e-14
1.128057188352594621e-14
1.127138730488373375e-14
1.121766852837681000e-14
1.120092724949589349e-14
1.116833000349698941e-14
1.114529989098306337e-14
1.114309990245935984e-14
1.109617792207626924e-14
1.108617401811367670e-14
1.105774353182596672e-14
1.103577620883909131e-14
1.100408697066343030e-14
1.096988176688695170e-14
1.090572066786565628e-14
1.089693601332620110e-14
1.088605914387541744e-14
1.083709332211889986e-14
1.081482033559512221e-14
1.079164254629697480e-14
1.077708444683702786e-14
1.076619148940919884e-14
1.074290374150431949e-14
1.069106952998874579e-14
1.068029206712788787e-14
1.066073308000546623e-14
1.065503622508574639e-14
1.060460766436511034e-14
1.059469791464440472e-14
1.057181139430317929e-14
1.056069602466470703e-14
1.054694207288176704e-14
1.049530018953389358e-14
1.048268538458793850e-14
1.047584955414481335e-14
1.042908862125517185e-14
1.042477914339388543e-14
1.040320717360995392e-14
1.038144593038677441e-14
1.036539726196922684e-14
1.033496674411117127e-14
1.031437177921324149e-14
1.029217154605456413e-14
1.026883555161434058e-14
1.025803333041357231e-14
1.021770718129040668e-14
1.020112007000245689e-14
1.018882364696072473e-14
1.017234950082395477e-14
1.014573534423755323e-14
1.009446639679974275e-14
1.009370321546942048e-14
1.008205937616835240e-14
1.005637202736577905e-14
1.001776185530453282e-14
9.993928875181337503e-15
9.989225237383953514e-15
9.963312382035397749e-15
9.953190298429891750e-15
9.927155557714536820e-15
9.900391807145315518e-15
9.897190185927201239e-15
9.850482697426879480e-15
9.839059160767007420e-15
9.814897211376196157e-15
9.800700977481769726e-15
9.767470040382673395e-15
9.758128291163915530e-15
9.746792249098512980e-15
9.742112666587032307e-15
9.727517726047944482e-15
9.683594311488510372e-15
9.676236276960366197e-15
9.649071042697727821e-15
9.631969851616449584e-15
9.620656264750966377e-15
9.611189356256293339e-15
9.595027919135623429e-15
9.570161553920815212e-15
9.559016972025524445e-15
9.526470081964102281e-15
9.506825105695619121e-15
9.492215918961733811e-15
9.480241977140281437e-15
9.461083843364440089e-15
9.455412637179133456e-15
9.428886892447126036e-15
9.409283349348292734e-15
9.407369907678902685e-15
9.377725682322088815e-15
9.371020324240158637e-15
9.354960187210779560e-15
9.344000080668137146e-15
9.304247644808504117e-15
9.296961516663593294e-15
9.281338359874667121e-15
9.261394947839894821e-15
9.252551204161946341e-15
9.218019125636173731e-15
9.205766159609114293e-15
9.202536475073474196e-15
9.192967313080921961e-15
9.160087533085322331e-15
9.147291663160075101e-15
9.121739165269198728e-15
9.116824745298241128e-15
9.108859411485879838e-15
9.077871596455045893e-15
9.054152565551047094e-15
9.041958368273211288e-15
9.020950572643493286e-15
9.002264321334566955e-15
8.991900712842757998e-15
8.983201172605976263e-15
8.959906290825464012e-15
8.939251491067341413e-15
8.927128729213850215e-15
8.913103806128863626e-15
8.903764613862626761e-15
8.885683022566912272e-15
8.868944006191169884e-15
8.845715315052671208e-15
8.832813184887209720e-15
8.809881441972404724e-15
8.779418963043326343e-15
8.777553328358525809e-15
8.751633729380256572e-15
8.745242076641582968e-15
8.732142875528137057e-15
8.715864396708770923e-15
8.706103570494826566e-15
8.697387649195630422e-15
8.669360939477725914e-15
8.653629246473859103e-15
8.638791866860238699e-15
8.631751055370232636e-15
8.615733363896017034e-15
8.600981180436282058e-15
8.580442698642411954e-15
8.571341249786415844e-15
8.551015837626100420e-15
8.534826921588139161e-15
8.507881612848756015e-15
8.498596729744096958e-15
8.486668240772560504e-15
8.480251499782332194e-15
8.474013156076916659e-15
8.454357847332634851e-15
8.435224876123919063e-15
8.414522767577034638e-15
8.404248728480216349e-15
8.386089138217171116e-15
8.366659876938831744e-15
8.355768512333010337e-15
8.341497533890345660e-15
8.331978734605061900e-15
8.317167541429426870e-15
8.298128913432659602e-15
8.290208595487731914e-15
8.284441359645959941e-15
8.263753258517855425e-15
8.262514840322323188e-15
8.240483821049586778e-15
8.237156358548638508e-15
8.217501773671045072e-15
8.198810066195611382e-15
8.181576955279362932e-15
8.162390736477556550e-15
8.159703039927034988e-15
8.148057282959342080e-15
8.126748420989964484e-15
8.115708397906317979e-15
8.088803874280566848e-15
8.069607219637103768e-15
8.064939616394220662e-15
8.061646402789148103e-15
8.041390453326920107e-15
8.036752101943108675e-15
8.028954528930925062e-15
8.007939853025828000e-15
7.984806129099269527e-15
7.977989364614377386e-15
7.967507272582442342e-15
7.954910981068863477e-15
7.939340788258513035e-15
7.934291993099577507e-15
7.901471291397642171e-15
7.900855778739088211e-15
7.887484461774466988e-15
7.866123717086472638e-15
7.850905406596535795e-15
7.840048794952256052e-15
7.824706528987018909e-15
7.812848872184070420e-15
7.793049176039240664e-15
7.782313863013036214e-15
7.773232573226589237e-15
7.754374912364010757e-15
7.732810013604884026e-15
7.719644088770932818e-15
7.697831444429178306e-15
7.694116685605549632e-15
7.687168906007715408e-15
7.677079787294707765e-15
7.666333421410421225e-15
7.645111071793755216e-15
7.632617423268601217e-15
7.612059085072814473e-15
7.606861457253726352e-15
7.593590525570974667e-15
7.580043543858163439e-15
7.577268471864053511e-15
7.547025593384867144e-15
7.536554042858778895e-15
7.528447300349054368e-15
7.514884577330327766e-15
7.496064042088127273e-15
7.483207808929465233e-15
7.476128864363725765e-15
7.465418220043997982e-15
7.444078115823838609e-15
7.432445979857051543e-15
7.421886843559656902e-15
7.410548723447359154e-15
7.401099211606637946e-15
7.392773294298786886e-15
7.373158395694571100e-15
7.349181095594147786e-15
7.332983403681952729e-15
7.327228564951870026e-15
7.307292224051027207e-15
7.298197742596859653e-15
7.278922726568843041e-15
7.275436252459128358e-15
7.259588480573101504e-15
7.250561717673491922e-15
7.232258919172200822e-15
7.224110170123003657e-15
7.212383581399470810e-15
7.205113150141013098e-15
7.199959275403267749e-15
7.174909119670311982e-15
7.168424470787384768e-15
7.155205810495410691e-15
7.146098164258891443e-15
7.137708327454070625e-15
7.117307501924559629e-15
7.097435389701887546e-15
7.089073764119311692e-15
7.069229630525114690e-15
7.055010509641731857e-15
7.044804048625116091e-15
7.040125568838104407e-15
7.033140560494313290e-15
7.013805581514784397e-15
6.996058525381193169e-15
6.985663087015261378e-15
6.979873450396699737e-15
6.962548438999048111e-15
6.947559630792524078e-15
6.930389593922091254e-15
6.924262532618499693e-15
6.903998874759124848e-15
6.895167894281397381e-15
6.874802416038809084e-15
6.871356596323702601e-15
6.858413972010321522e-15
6.849927742402951642e-15
6.834172585484569550e-15
6.822187606164916583e-15
6.801395125510552877e-15
6.787568952623455706e-15
6.783422403454708707e-15
6.762951293073406563e-15
6.757000174049765680e-15
6.742776213351939581e-15
6.736136592613962063e-15
6.717635207351481660e-15
6.712567257927184188e-15
6.693382069780525814e-15
6.677481768181871513e-15
6.672331759591454235e-15
6.653640501267871928e-15
6.629161614049447389e-15
6.620543865937918726e-15
6.596989035834106922e-15
6.589665241052217895e-15
6.585176700258274688e-15
6.558068567568910499e-15
6.557091712092780048e-15
6.553401779150195672e-15
6.535139782296327520e-15
6.518869121602978299e-15
6.512623489479881790e-15
6.498869847166430422e-15
6.485024813020190791e-15
6.470492381805598795e-15
6.452519938162100216e-15
6.444877905162534040e-15
6.434316759097504263e-15
6.418218543256882317e-15
6.413924299386035786e-15
6.401067398223498035e-15
6.396901160192821332e-15
6.370771422227493642e-15
6.354770377647628266e-15
6.345948362011406774e-15
6.323632060675969577e-15
6.305516482048779646e-15
6.294381198935975060e-15
6.284376619661914320e-15
6.273255301269577514e-15
6.266840435336952279e-15
6.258728087056635507e-15
6.249850666418740561e-15
6.245092318410990629e-15
6.216723929155501381e-15
6.208371830366965482e-15
6.199675621544224208e-15
6.191361447888332386e-15
6.160874672768912239e-15
6.152509647566290274e-15
6.139629265409455955e-15
6.132423294356305043e-15
6.113507796347621951e-15
6.094836760515715493e-15
6.084391819854411694e-15
6.063941534504332860e-15
6.056348263313417957e-15
6.036388121082239658e-15
6.025795737115079065e-15
6.006540911527989465e-15
5.995585272492555253e-15
5.993271620513214134e-15
5.975740151904382329e-15
5.963419184959806281e-15
5.961052125929121669e-15
5.934894127080339539e-15
5.913912601208798597e-15
5.909723845300532547e-15
5.900027249343043984e-15
5.890277891303802012e-15
5.867286836707605895e-15
5.851749241591829620e-15
5.832356131938087554e-15
5.831881895432859879e-15
5.816114449542629239e-15
5.793653297612431198e-15
5.782908336577492482e-15
5.776306609647056531e-15
5.757771157068190032e-15
5.742231218327991172e-15
5.727650958589008398e-15
5.721690527988631091e-15
5.704849819823612705e-15
5.695398048411442958e-15
5.670550674861945881e-15
5.661611587057775049e-15
5.656182477828308414e-15
5.638144198586791758e-15
5.634608546519498089e-15
5.610866027800428134e-15
5.601082608487417013e-15
5.582688300296212056e-15
5.572287655587665184e-15
5.557221367587854803e-15
5.539348212417434167e-15
5.529771422446092463e-15
5.518573273538839744e-15
5.502840737701607171e-15
5.488191879046044906e-15
5.477996587444904864e-15
5.462015918471850505e-15
5.434770270486202297e-15
5.433712685870014187e-15
5.412032457520020163e-15
5.402136622011617075e-15
5.393264987975820277e-15
5.372007890320816205e-15
5.344143230505671191e-15
5.337464673813683859e-15
5.308977548300023075e-15
5.295242443455130291e-15
5.290504309562935061e-15
5.270919951973359295e-15
5.266546754037375272e-15
5.244783092278536605e-15
5.231035260284299123e-15
5.209968252798284530e-15
5.200795600390985129e-15
5.185327409753128211e-15
5.166209823605429622e-15
5.160032396832521433e-15
5.108072485055895271e-15
5.104200217121468202e-15
5.090703338675556832e-15
5.070720016675138722e-15
5.053089419640276608e-15
5.049737422255524867e-15
5.010484913930862358e-15
4.987492440164717774e-15
4.964576670888672823e-15
4.958233942119536909e-15
4.912078286923595755e-15
4.897668082843687484e-15
4.881048923925002777e-15
4.870857391384442316e-15
4.834852209614161484e-15
4.826737283867218332e-15
4.805293865365626504e-15
4.738054093064721265e-15
4.723089906841647073e-15
4.648200963394393436e-15
