5.393556554768792921e+02
4.469639162221638458e+02
3.615311103631398737e+02
3.570123927636797134e+02
3.308861377956737897e+02
3.264507220590458587e+02
3.075520893907809068e+02
2.781383446583611772e+02
2.580547388468161216e+02
2.439631599787879850e+02
2.404662370300713121e+02
1.990992514305449390e+02
1.851632651528775568e+02
1.825081399169670533e+02
1.762161208092950915e+02
1.601710176331066577e+02
1.586123070508882620e+02
1.510460968191119093e+02
1.422484982314822730e+02
1.291659476875245787e+02
1.255990188356563380e+02
1.086237805378823964e+02
1.076730656758150388e+02
1.029612208015885528e+02
8.942016718249021778e+01
8.251204051149713337e+01
7.345613869213974567e+01
7.068257713404217668e+01
6.307696820888931200e+01
5.471143211584984556e+01
4.904983205939095825e+01
4.626729875718786644e+01
4.179335689314734736e+01
3.656630041198962289e+01
3.279899243333867531e+01
2.966929040088630032e+01
2.791661744188491667e+01
2.415584770280360516e+01
2.384506814968174737e+01
2.205487640358629875e+01
1.938589642063334040e+01
1.823217964206256525e+01
1.603158237465389391e+01
1.567479822763405117e+01
1.298311033053962227e+01
1.264338529585896964e+01
1.077995399250542263e+01
1.035636660141690868e+01
8.591409312646021590e+00
8.177760790610046016e+00
7.072665210822245641e+00
6.866921692786183584e+00
5.845375341017547299e+00
5.619203263890152122e+00
4.542372023361341604e+00
4.432321426294706157e+00
3.761859569343879439e+00
3.568443556085985513e+00
2.999088734026401859e+00
2.922645996972265348e+00
2.454474036529807002e+00
2.438604478320115287e+00
1.979776867852847122e+00
1.872399209586978142e+00
1.771456781532463332e+00
1.661466469446019278e+00
1.566316222822684567e+00
1.380709908368533911e+00
1.270553695095872238e+00
1.169860534392285434e+00
1.095774659608067747e+00
1.018815222388617547e+00
8.641805532276107815e-01
8.519915728886626738e-01
7.438811026587831554e-01
6.577944164113900261e-01
5.985254473750202253e-01
5.563458570034575112e-01
4.825768020301951511e-01
4.649368578388640705e-01
4.196922353576295617e-01
4.135301076870556702e-01
3.403429392148634158e-01
3.155810462741982514e-01
2.980417798380734506e-01
2.852152964888789444e-01
2.572489659560801556e-01
2.534909656975562475e-01
2.260124550706039404e-01
2.125824337618201221e-01
2.119887356507718090e-01
2.083473164243113962e-01
1.977164223741905702e-01
1.941945167734904221e-01
1.887906185436864781e-01
1.816396472986436528e-01
1.795565353231461103e-01
1.761604462373154989e-01
1.727947734036759941e-01
1.712346795387477694e-01
1.664611772216967600e-01
1.653838463949778015e-01
1.627222518178100819e-01
1.596420340645852143e-01
1.559024314251742649e-01
1.550488264607585154e-01
1.515808838413758297e-01
1.494899817516666951e-01
1.477576071727043916e-01
1.435884514435722958e-01
1.420493648908612849e-01
1.406276179320598840e-01
1.391249059228993890e-01
1.382755841440848343e-01
1.346445815409929303e-01
1.339271612148729973e-01
1.318810415108294665e-01
1.306322840696982623e-01
1.299385368202566615e-01
1.291687003647026821e-01
1.249955466091321188e-01
1.234666211622715698e-01
1.224042616419226820e-01
1.181825899368244559e-01
1.162943986404006008e-01
1.153332291180238084e-01
1.149380287692528257e-01
1.113157682682715116e-01
1.090299445645390858e-01
1.072990388424069352e-01
1.061822249448123034e-01
1.054511962226252902e-01
1.040081464435555214e-01
1.035077500609583451e-01
1.029716439169916509e-01
9.938365571093599193e-02
9.791909951233886134e-02
9.668484015938803855e-02
9.622554182787504407e-02
9.482372044603851191e-02
9.198305462799720444e-02
9.064322182232308067e-02
8.975547264447175655e-02
8.777568227948434609e-02
8.684954583761145264e-02
8.589091561234570016e-02
8.204126777128331605e-02
8.154317827096467519e-02
7.873985231064734025e-02
7.861119440726131724e-02
7.794352991999216329e-02
7.632690924326010484e-02
7.528294043018510240e-02
7.411329418336966290e-02
7.332200183767112467e-02
7.132758546052192505e-02
6.859583853526238229e-02
6.788822541942313160e-02
6.679087202995714900e-02
6.547371236552217144e-02
6.436137812110251377e-02
6.298092149210475499e-02
5.786982049990155308e-02
5.681622970023361696e-02
5.459601175853742716e-02
5.415609171252442483e-02
5.337686224205386715e-02
5.022264831029292498e-02
4.932706814503075993e-02
4.764534799699577522e-02
4.615753923849867657e-02
4.505233117247767205e-02
4.315120055371466506e-02
4.291641399180420174e-02
4.133016764257623626e-02
4.050527151712601803e-02
3.928172970934757507e-02
3.855364795599452304e-02
3.710824390045407845e-02
3.649517055345979921e-02
3.554181640863231934e-02
3.351480207630622848e-02
3.237506813490128449e-02
3.207723378129233999e-02
3.071334070344948139e-02
3.023323310542321354e-02
2.935963039260053656e-02
2.887581648475612273e-02
2.812701193630543980e-02
2.743963989427302547e-02
2.660866466685207418e-02
2.599654545307831383e-02
2.500680418310789396e-02
2.445920210005437384e-02
2.348371793845483585e-02
2.301283994626319301e-02
2.294086367471198651e-02
2.137351136444064909e-02
2.134290648665490911e-02
2.083550698229581430e-02
2.054451755680199859e-02
1.970976418240136252e-02
1.915822896549493684e-02
1.876925585006476022e-02
1.838963665237402720e-02
1.738155464609007425e-02
1.717824126156158523e-02
1.683622196925009529e-02
1.653148477142351788e-02
1.609052902757916390e-02
1.569315254312369373e-02
1.513298181669558463e-02
1.431600624161772153e-02
1.383310175998257209e-02
1.340504077228457484e-02
1.311776718969257481e-02
1.276529810321220572e-02
1.262733567256606529e-02
1.237547706923818915e-02
1.196366242311032967e-02
1.169598651545512499e-02
1.165378336139948068e-02
1.153578350124590847e-02
1.103976292060094948e-02
1.074365803315217513e-02
1.057107233585374839e-02
1.035884544873026496e-02
1.005018423927885388e-02
9.581041983014329869e-03
9.479925297267679379e-03
9.275009386351170532e-03
9.063111550857710572e-03
8.874894804859928196e-03
8.706750490330069162e-03
8.287926407494261571e-03
8.114294543038609933e-03
7.892843768998727624e-03
7.729513186746240355e-03
7.552070338680102329e-03
7.472730606234867338e-03
7.237195751870786203e-03
7.015631000424355466e-03
6.686500400311703660e-03
6.624020172342820999e-03
6.353755221270123744e-03
6.212616970966626344e-03
6.033038920519713522e-03
5.889226109942861248e-03
5.767473166219856846e-03
5.559039698501380862e-03
5.434964729372167291e-03
5.202890793899243166e-03
5.113571270173451234e-03
5.008518559469548811e-03
4.925619465810030309e-03
4.656260178531237276e-03
4.563338970912980339e-03
4.460682174132349700e-03
4.379224239974703441e-03
4.104113909369852368e-03
4.017673687936266363e-03
3.950964381200854254e-03
3.888554816930014750e-03
3.794611030481712024e-03
3.638095978906163638e-03
3.586313732165230181e-03
3.420413262250254684e-03
3.391960434439322044e-03
3.219597875085221123e-03
3.142458093087919201e-03
3.010845441632438359e-03
2.898886480259231079e-03
2.840038674054870971e-03
2.797395919724813933e-03
2.766290038771349654e-03
2.707690009937261527e-03
2.659148416558225481e-03
2.618025353938614914e-03
2.501870221710188625e-03
2.432384308190245568e-03
2.324033576748251242e-03
2.239202904710497089e-03
2.225742061317268709e-03
2.106696663175130178e-03
2.071721660143284113e-03
2.061397819010459247e-03
1.998741015421024326e-03
1.952134614198108289e-03
1.897801245560531503e-03
1.846905766325018230e-03
1.750266961118351677e-03
1.695780369042436181e-03
1.642718570974848391e-03
1.638440977419249826e-03
1.550594404887442341e-03
1.488798531520111072e-03
1.470365884026481962e-03
1.455851046492962235e-03
1.385535037265042853e-03
1.343529462304134635e-03
1.312171876566408431e-03
1.243113603487782000e-03
1.208611705027075409e-03
1.185073427797354861e-03
1.149883456186550973e-03
1.137523012459142318e-03
1.108060262513016004e-03
1.070625446703276978e-03
1.050327841052084953e-03
1.029392674455866441e-03
9.965516472304266227e-04
9.707495959250869721e-04
9.338059821128993692e-04
9.135683710104669421e-04
8.906658949890251765e-04
8.744195855290566415e-04
8.526753501109790578e-04
8.284214107972162058e-04
7.938543720383256898e-04
7.804517171924112932e-04
7.384382491084578266e-04
7.132069303646339405e-04
7.101756880269512314e-04
6.991323462775423259e-04
6.507507620373645949e-04
6.368777648265147237e-04
6.319006413608120251e-04
6.205957522315163786e-04
5.872097533603908839e-04
5.772215868344189984e-04
5.580549588064339815e-04
5.325331740104997675e-04
5.055219037357598253e-04
4.966472592705072076e-04
4.768387413736653569e-04
4.678374226569918435e-04
4.529126458927475196e-04
4.118285050719408557e-04
4.054930618099289626e-04
3.872004092421957202e-04
3.780180943506450115e-04
3.708630355778771005e-04
3.599260014734746043e-04
3.476764042040829611e-04
3.385851371274870708e-04
3.258761082279169256e-04
3.148323580938043077e-04
2.986469478543117085e-04
2.850917982719342438e-04
2.738238913917199558e-04
2.686703902609770592e-04
2.652570408624173163e-04
2.550912579703402266e-04
2.468915512718102695e-04
2.380725915403167370e-04
2.214532417244405489e-04
2.181563002249327539e-04
2.054988023267489061e-04
1.986585869345473994e-04
1.867413136224568143e-04
1.839877000800911599e-04
1.690997217167995790e-04
1.630500498660005762e-04
1.579757343162835109e-04
1.506871952254867258e-04
1.436113984993494901e-04
1.325455780932535232e-04
1.257607773057832317e-04
1.200211205116240987e-04
1.155839230029671557e-04
1.039021250069279274e-04
1.011283375108913712e-04
1.005738552038014258e-04
9.143464554847542604e-05
8.028090038586075566e-05
7.554979187832310493e-05
7.259836289031514035e-05
6.590298345816973929e-05
6.421358994470794290e-05
5.890696874133471723e-05
5.813713575988291163e-05
5.510125521865793412e-05
5.127940462164749525e-05
4.832503125061455912e-05
4.576883943841741757e-05
4.261463936637827061e-05
3.772355317734101530e-05
3.537021700715357484e-05
3.428086930397631390e-05
3.360735663900313173e-05
3.165771128786010533e-05
2.874666980690351008e-05
2.451709959063853733e-05
2.394852219166206133e-05
2.114331389614730928e-05
1.751328479594960324e-05
1.613784793410233886e-05
1.490991104466548838e-05
1.040047883176681105e-05
8.271517470079419902e-06
2.295203378589829648e-13
