5.753460747613891044e+02
5.603358278947232520e+02
5.230055502174083131e+02
4.917528106981374094e+02
4.520927183764848678e+02
2.316730013968484343e+02
2.149856199623698956e+02
2.077853402843181527e+02
1.827631615003050172e+02
1.648426170457053388e+02
1.431200719006493500e+02
1.333280558779771070e+02
1.161483966607076468e+02
1.035277042467151745e+02
8.697033416707289177e+01
7.427903197953160941e+01
6.432038025009896387e+01
5.452587415653646019e+01
4.298504385086572910e+01
3.556140801975095656e+01
3.453243092252385793e+01
3.307953358162867374e+01
3.053019801112515097e+01
3.035362847605149028e+01
2.762027527681344452e+01
2.565140935311401194e+01
2.458785232755023387e+01
2.215361696360499622e+01
2.012539129397898563e+01
1.919902209493258383e+01
1.752820100709173090e+01
1.582944439144807269e+01
1.415076781475859846e+01
1.356477043147580375e+01
1.320188084590475164e+01
1.127970328402448708e+01
9.931346948745572334e+00
9.670699922116339664e+00
9.462522443552140672e+00
8.521286332804534069e+00
7.638882694443188015e+00
6.957772692356796185e+00
6.652936440002727103e+00
5.850116559009920891e+00
5.597937203922522365e+00
5.098964925492201594e+00
4.975101021714067429e+00
4.457809244959215711e+00
4.373272006742931595e+00
3.965533947306883356e+00
3.821652871376032046e+00
3.520622867747865925e+00
3.340144743214569445e+00
2.952273523796777877e+00
2.690110962380785065e+00
2.335802759269994588e+00
2.172888895213707094e+00
1.993442826619103103e+00
1.759534616205284063e+00
1.631957985677216838e+00
1.407679262261160025e+00
1.327687324340313779e+00
1.242177476525458735e+00
1.074907442388237211e+00
9.984946909353713540e-01
8.490849846629421327e-01
8.207578542511216879e-01
7.615119342968833527e-01
6.903332823010625008e-01
6.627258364971586602e-01
5.994421382725358960e-01
5.473880758920827150e-01
5.162259216534268447e-01
4.702422319602251877e-01
4.633526373551523636e-01
4.040000842129614078e-01
3.694322094189892991e-01
3.596676902959340394e-01
3.176512536052091273e-01
3.009693610977423051e-01
2.798327743273181234e-01
2.575950058473803206e-01
2.559611860691538565e-01
2.374388871509637844e-01
2.246978090848124610e-01
2.131040376340042342e-01
2.044506531788105319e-01
1.964240824860332968e-01
1.904569043199028089e-01
1.851083289371997509e-01
1.790014975545528575e-01
1.742492914861722697e-01
1.682451014216569396e-01
1.571599673772639816e-01
1.561057890001050219e-01
1.540587611168106053e-01
1.498064150265143724e-01
1.467243743989744276e-01
1.414839102131278670e-01
1.376234047576438690e-01
1.344607735455410902e-01
1.321786413577699104e-01
1.299476613346609577e-01
1.269360606602513430e-01
1.243457743237663948e-01
1.175941961678134834e-01
1.147307482797461919e-01
1.138602957546651917e-01
1.118976008905513408e-01
1.108658943892145560e-01
1.088425941002709313e-01
1.054033567561640516e-01
1.044630213117914708e-01
1.005985236289067691e-01
9.893690140181514436e-02
9.734988221316596968e-02
9.614783187888234495e-02
9.336501422849488585e-02
9.140849065553363628e-02
8.808924183435355715e-02
8.544372978730474522e-02
8.506973333718802210e-02
8.287348831768288904e-02
8.107394792541766648e-02
8.071508858903281292e-02
7.921981230617283765e-02
7.704380696994853062e-02
7.508724239707902093e-02
7.364071960205417766e-02
7.216530646693984641e-02
7.033990677938301017e-02
6.810724536802442719e-02
6.689097282713971082e-02
6.612314752903659942e-02
6.532003183375899302e-02
6.435886417864913889e-02
6.111452798780660223e-02
5.894234803579343623e-02
5.753848572047138427e-02
5.607261344315624119e-02
5.547507796737229102e-02
5.399042733560396184e-02
5.315589103767634493e-02
5.156679842238607453e-02
4.886617667265372861e-02
4.777263470765633763e-02
4.632038368862283900e-02
4.569499700160151862e-02
4.446401662297716495e-02
4.365106771186091222e-02
4.304655277730585344e-02
3.920780978226393737e-02
3.859919358297556752e-02
3.840547027073973330e-02
3.735902799385840134e-02
3.514480000451928460e-02
3.478294567015188105e-02
3.410656568032939540e-02
3.188153480563443720e-02
3.076272459841618984e-02
2.886982237250917266e-02
2.835529000727371463e-02
2.757010563207797083e-02
2.634675474623304411e-02
2.516702750079019557e-02
2.481993851171133275e-02
2.315282980959953649e-02
2.249730505242083026e-02
2.196235039448077644e-02
2.112252020075291309e-02
2.024889089262566985e-02
1.980988425827678867e-02
1.936845628798849681e-02
1.886330411847060226e-02
1.762609794699262350e-02
1.745014335777014119e-02
1.664012959801506111e-02
1.614225912429182938e-02
1.556129022578083172e-02
1.498884439934849294e-02
1.443062505988432394e-02
1.412673220108682896e-02
1.321320709637062094e-02
1.302212330653956633e-02
1.230802142651549191e-02
1.213422610708473140e-02
1.157392602214494907e-02
1.088872798243767717e-02
1.059248117646914393e-02
1.050896184246115188e-02
1.016377310766902395e-02
9.735196766427022322e-03
9.302981982471826214e-03
8.934166699057570840e-03
8.486023895991030158e-03
8.148805798379354232e-03
8.096256071092187284e-03
7.894009923141948742e-03
7.685203141867727461e-03
7.535334996768054683e-03
7.359809677143747467e-03
7.039584078179483492e-03
6.772534244834465395e-03
6.280968483469529656e-03
6.173948647480226835e-03
5.929632427334834838e-03
5.559724921870643453e-03
5.470632204250435587e-03
5.167612298410105900e-03
5.097514431089797578e-03
5.035832011209628346e-03
4.772741040411561733e-03
4.528645754168489357e-03
4.445585308577807565e-03
4.330674119616540266e-03
4.296278121017254106e-03
4.149947438116255265e-03
4.068512320614178258e-03
3.939179217259245434e-03
3.757799375201471056e-03
3.598407238620036138e-03
3.464045221824197263e-03
3.309842087949403308e-03
3.250505365512883302e-03
3.169709194919762777e-03
3.049048447031413572e-03
2.988249925896381380e-03
2.965103590016060497e-03
2.823716436607129777e-03
2.730499253437364358e-03
2.651809020081962332e-03
2.643810731120891169e-03
2.497948240772348075e-03
2.464489902668994068e-03
2.407576593840135299e-03
2.343250988994922696e-03
2.252555842449944275e-03
2.211136777865792442e-03
2.122660038343136997e-03
2.039611512044171588e-03
1.948952013485035677e-03
1.932970487199490821e-03
1.808386637860214669e-03
1.785513613946581582e-03
1.758524157038793886e-03
1.717358626782320699e-03
1.693850753973010761e-03
1.599863808659714257e-03
1.592432509970518467e-03
1.549394590115061579e-03
1.454642891245283651e-03
1.425206133755649394e-03
1.373854388706355388e-03
1.355289107669384015e-03
1.324815061656723801e-03
1.287410322218426320e-03
1.234931307157210350e-03
1.211098161577362680e-03
1.185151934389173413e-03
1.151331228892464673e-03
1.123397649085438980e-03
1.066991990889102097e-03
1.040286517842630831e-03
1.007880513389410471e-03
9.903595200101390165e-04
9.712716610614884321e-04
9.185072937397753892e-04
8.911260302487273568e-04
8.550642418604964719e-04
8.325254573611098972e-04
8.046440017129029071e-04
7.909562610659989996e-04
7.827738903417614256e-04
7.605974159739553771e-04
7.354381730669271510e-04
7.168662159550907549e-04
7.032839070610088453e-04
6.917998011323477385e-04
6.817378831276982168e-04
6.443950991881520216e-04
6.072960408421938924e-04
5.925187547672625728e-04
5.718688228737928755e-04
5.586784788338315872e-04
5.476831636934574241e-04
5.336709381510498784e-04
5.243636121656660527e-04
5.095711961370018262e-04
4.953211590360984823e-04
4.788432851869573923e-04
4.627159583181363165e-04
4.471887013012143682e-04
4.392892352463631219e-04
4.288611083198708130e-04
4.211704141886467127e-04
3.996462934582360391e-04
3.901930541783818832e-04
3.698557057593584952e-04
3.569600439902938000e-04
3.504462541857706562e-04
3.371729295456444534e-04
3.257425510220400750e-04
3.178981232180066508e-04
3.037386946979048988e-04
2.947171885795839188e-04
2.871856987327418820e-04
2.770365667403020221e-04
2.677460430724455339e-04
2.525401917656825888e-04
2.495656402885068799e-04
2.434132100323805887e-04
2.320769882383652235e-04
2.290139586532056982e-04
2.239431879170052195e-04
2.153146021605536304e-04
2.107206389081126832e-04
1.979022441351599947e-04
1.930456400147941790e-04
1.877193135549399703e-04
1.813458139117657495e-04
1.789873800697630688e-04
1.732478109429893989e-04
1.619640272030135875e-04
1.613762120769281162e-04
1.554528377669253192e-04
1.485655934409733350e-04
1.397407634091036601e-04
1.314847113150297085e-04
1.250696166947063196e-04
1.208859683451001693e-04
1.193631064505544281e-04
1.165139110813259433e-04
1.089793958085771180e-04
1.040607123098406719e-04
1.036219058410752072e-04
9.727227284688728178e-05
8.937025928394862044e-05
8.604617694896105398e-05
8.188260782824014589e-05
7.898933913838344478e-05
7.726926917162552186e-05
7.547290111700786055e-05
7.145158577535768102e-05
6.598899631716487039e-05
6.466704163652183587e-05
5.996661802138636085e-05
5.519796446851920257e-05
5.419063026908916506e-05
5.260018100851854902e-05
4.774638501699580393e-05
4.512579121618089014e-05
4.377990122075348968e-05
4.230061157522263890e-05
4.024965467853133734e-05
3.889965729393783276e-05
3.728953428820461609e-05
3.439920961245994461e-05
3.360018559074162415e-05
3.236061728404225618e-05
3.163720527999652862e-05
3.058741208145162070e-05
2.887252347687923560e-05
2.814861931467277934e-05
2.781103852010871177e-05
2.632546914733934742e-05
2.526707804316443023e-05
2.247049520751586967e-05
2.047614997601717227e-05
2.012475605988266842e-05
1.905793449655194603e-05
1.795913433907306408e-05
1.709224544477088353e-05
1.634293244435098017e-05
1.566203060087571536e-05
1.448396750668336947e-05
1.426776283812205245e-05
1.381371719212635708e-05
1.289574676542609840e-05
1.247167633474052478e-05
1.233621601018069160e-05
1.203343680463834769e-05
1.124586834841040539e-05
1.056459936970769875e-05
1.019684465649148550e-05
9.705047919422322278e-06
9.413518837943860029e-06
9.282577926440024765e-06
8.854036462033782826e-06
8.519147469059906854e-06
8.350465939308359097e-06
7.988811021222178989e-06
7.539421471736626264e-06
6.798991259569035242e-06
6.582356366014071945e-06
5.917249342704365830e-06
5.038619783421611288e-06
4.015870248794630010e-06
2.774725927956666129e-06
2.206856581715538217e-06
1.956207497776075295e-06
1.340087835015034392e-13
