5.846076461283579420e+02
5.832199443320594128e+02
5.741721071682177353e+02
5.705440806647675345e+02
5.693242125748246281e+02
1.744671768059239847e+00
1.627103798196375184e+00
1.490088173878997058e+00
1.481746810199646491e+00
9.838065740034842577e-01
7.560496172448359295e-03
7.411478332989725193e-03
7.223453006886956622e-03
5.025547939456395490e-03
4.163459824125439329e-03
1.401181402819765866e-03
3.135793600159292056e-04
2.658692623072485793e-04
2.309248403858947985e-04
1.184163760645993009e-04
9.134625512409778078e-05
7.002512068492431523e-05
4.013834770139718903e-05
3.735895571232017968e-05
3.225827837899877560e-05
3.126265658537560074e-05
2.000138174580875871e-05
1.225118535997545124e-05
5.650410414724642633e-06
4.729008304780658182e-06
3.494727016151025480e-06
3.049990924358730444e-06
2.257314467522961569e-06
1.409329177059537800e-06
1.147217468718677649e-06
7.238700418315417992e-07
5.610979335784744094e-07
3.649393125618407952e-07
1.757312130266534324e-07
1.711298217310365334e-07
1.287349697463346407e-07
7.190566321449992753e-08
6.792265801225441837e-08
5.053703524217584415e-08
4.109036244183226634e-08
3.653706102931833267e-08
1.306147258545332622e-08
7.620683119680195881e-09
7.026135459686865337e-09
6.082601284519153604e-09
3.139468850343269781e-09
2.880395721088542452e-09
2.025747759699412397e-09
1.475519086496101976e-09
9.108850288739820201e-10
8.403500326145563345e-10
6.798328366941390302e-10
5.293258088945831464e-10
4.697449098624688433e-10
3.035361090007241084e-10
2.694017993347947674e-10
1.143771524320660775e-10
9.054593012815194159e-11
8.078668822726309178e-11
6.138750784642178629e-11
3.526954853396778335e-11
2.299533917381219123e-11
2.064769601532217897e-11
1.453684533573312195e-11
1.287478181681943743e-11
9.283926110368211957e-12
5.868868860182302894e-12
5.511795049722263175e-12
3.969050595363237339e-12
3.773019849680562403e-12
3.454012413798229599e-12
2.069055700145026827e-12
1.336628243665843184e-12
9.132462437130376118e-13
7.753897742735891735e-13
4.811173819501457609e-13
4.272033977821305462e-13
3.746109235324820176e-13
3.624872837881229293e-13
3.056497820452329224e-13
2.053636337433287033e-13
1.230583867958494636e-13
9.680243319774677865e-14
9.453185669473764058e-14
8.884778751623935699e-14
8.661460542294028374e-14
7.921379371869660241e-14
7.510931025952066529e-14
7.045060154360293079e-14
6.637293527751020408e-14
6.348047259699278155e-14
5.846236991117727890e-14
5.752465852355257956e-14
5.469782068073182084e-14
4.967865415790409005e-14
4.615559543358572155e-14
4.512215846239280507e-14
4.372559192550330692e-14
4.323111673076188352e-14
4.054589212141826723e-14
3.996251797048010110e-14
3.729210172029306967e-14
3.641521860587457810e-14
3.546757144205235212e-14
3.415571193825962951e-14
3.371304980661022747e-14
3.275423215633146326e-14
3.111712887500773817e-14
3.060545459563943520e-14
2.980557173616184476e-14
2.926029320792563250e-14
2.854947024093659522e-14
2.832301832608389605e-14
2.783907012616983393e-14
2.759725069080561788e-14
2.731967752635209919e-14
2.715642159573816488e-14
2.681262747849275982e-14
2.639714746933208159e-14
2.619362351849002949e-14
2.604218641532040405e-14
2.578758075389860887e-14
2.566585965003062533e-14
2.552798387244127327e-14
2.547174394258096918e-14
2.531959443660866497e-14
2.527921225832397706e-14
2.513586361748742192e-14
2.507777127560498395e-14
2.503218923414508890e-14
2.492484348167154095e-14
2.478600140243147578e-14
2.463813969332878013e-14
2.457068193534107266e-14
2.453311669945614151e-14
2.448782618560695044e-14
2.438986524974960423e-14
2.425918139377330753e-14
2.421511790996445088e-14
2.417718262369772245e-14
2.410157751302764925e-14
2.403845002759604810e-14
2.396650177725927605e-14
2.393809468135089825e-14
2.390070361987344519e-14
2.385366712401575310e-14
2.378625249024403556e-14
2.374494841115191571e-14
2.363321178059014228e-14
2.360141327363192001e-14
2.352149940696245027e-14
2.349406024666525673e-14
2.345257577030648403e-14
2.338241649270955347e-14
2.332712573304839997e-14
2.327807603717317898e-14
2.323768436687410017e-14
2.317744217145418639e-14
2.315857007994591996e-14
2.309651495710287694e-14
2.302487040863557482e-14
2.299103734612637686e-14
2.292826833727985854e-14
2.288495894767775877e-14
2.286675437769109432e-14
2.274483005713310359e-14
2.273129507541289227e-14
2.263038920013973237e-14
2.260400286415238864e-14
2.251799744704566615e-14
2.250000891721349434e-14
2.247255927047564151e-14
2.237864454660067636e-14
2.235128332127303216e-14
2.233518587945232061e-14
2.231681824396959377e-14
2.220639481790128589e-14
2.218130730331723072e-14
2.215942116443390992e-14
2.212092464921656063e-14
2.206618508046380587e-14
2.202221751984621825e-14
2.200904831914435103e-14
2.197869471479863273e-14
2.192131719316627381e-14
2.190084223805560608e-14
2.179597302894895022e-14
2.178385180831167874e-14
2.175601269211282844e-14
2.173133837687073524e-14
2.169124935798055643e-14
2.166195973555890550e-14
2.158987128415807368e-14
2.156084958879060855e-14
2.151513623894913420e-14
2.147159519815287799e-14
2.140397153833215271e-14
2.137430773741028525e-14
2.130968109333507848e-14
2.129848388091765962e-14
2.126008184709267699e-14
2.125016117311205819e-14
2.121159717047922659e-14
2.117424456480207940e-14
2.109152892638283213e-14
2.107470057343394600e-14
2.104766826482178233e-14
2.102234079489718677e-14
2.100612277456125305e-14
2.097636970580944599e-14
2.092527063347813191e-14
2.085535515707450205e-14
2.078735281709883694e-14
2.074154744533559408e-14
2.070490246637007429e-14
2.065553394120800152e-14
2.064141918662083799e-14
2.059103333569006853e-14
2.055876712791094082e-14
2.052443026727252885e-14
2.049832027522560288e-14
2.047540854681783274e-14
2.044302822243189401e-14
2.041081620859622646e-14
2.036199602089427941e-14
2.031348523817053802e-14
2.028213872255299340e-14
2.023609856674736977e-14
2.018993603309373654e-14
2.015419943320218294e-14
2.014558082562082181e-14
2.011511954801875399e-14
2.008070065448238948e-14
2.004169810294959765e-14
2.002011702340136681e-14
1.995519158411673261e-14
1.992483545798783571e-14
1.990626161761278212e-14
1.986664444307574629e-14
1.979590103349263382e-14
1.977084855321963565e-14
1.975957643832509029e-14
1.970756338821040956e-14
1.968896354447937597e-14
1.966029714424330659e-14
1.962253982818069544e-14
1.958529501214942338e-14
1.956884265774756132e-14
1.953664729848469813e-14
1.947366356747618423e-14
1.946427536694540600e-14
1.938520656533640572e-14
1.936703137312568780e-14
1.931987128974602413e-14
1.923690166426092604e-14
1.922117930029401615e-14
1.920883514703036551e-14
1.917241934013619069e-14
1.912354487984040460e-14
1.910006437813466561e-14
1.902099437174115157e-14
1.901109475138460489e-14
1.897752046999979321e-14
1.894480054051156960e-14
1.893512659587215861e-14
1.885013018395564367e-14
1.881564180911640268e-14
1.879573808440755201e-14
1.876353210741299085e-14
1.873071199428746124e-14
1.868721404608652599e-14
1.863753634572436777e-14
1.858864939205065471e-14
1.858782782087829500e-14
1.856711527630870714e-14
1.855801712373114079e-14
1.853795453001736735e-14
1.842015901571280456e-14
1.839535352598034464e-14
1.834433928972264631e-14
1.831558844603549922e-14
1.829683980018778613e-14
1.825622009325768931e-14
1.817950486581429811e-14
1.814251907154873096e-14
1.812312640177354683e-14
1.808842133220853950e-14
1.804725540639606347e-14
1.799389953732017882e-14
1.798982625567378639e-14
1.794883509242704268e-14
1.791554276727034910e-14
1.789348523665566567e-14
1.787174747063568603e-14
1.778085114368730231e-14
1.773813538885140430e-14
1.772989087978720131e-14
1.768423503079513363e-14
1.767065725984935634e-14
1.765279698190846650e-14
1.760852686936814328e-14
1.755810035559481869e-14
1.752454356957340762e-14
1.747839512651307887e-14
1.744181193956366344e-14
1.743292869198659719e-14
1.741557947914615014e-14
1.735204118729144926e-14
1.726029602684087316e-14
1.723087475946787527e-14
1.719143876201155131e-14
1.717885923751900976e-14
1.713514145531670708e-14
1.710352828981524087e-14
1.703661939072410533e-14
1.699374891435083363e-14
1.692201822884043119e-14
1.687466882414755015e-14
1.684973975392292954e-14
1.682310791307778669e-14
1.679364299915094972e-14
1.670227007367337253e-14
1.669417835644693393e-14
1.666199882953843431e-14
1.660875780487182600e-14
1.658056900401283339e-14
1.654385614736757401e-14
1.651615745337563779e-14
1.644270266349178852e-14
1.641985668905774031e-14
1.633757961854571913e-14
1.629493462778603254e-14
1.628556342132706568e-14
1.624579572723650489e-14
1.622817124789962643e-14
1.611718014977008146e-14
1.608158165003583026e-14
1.604672009498184648e-14
1.598776500418863523e-14
1.594762964849580952e-14
1.590510724557856470e-14
1.586439304825850520e-14
1.581648538343897049e-14
1.567247210734061978e-14
1.561682981243097450e-14
1.558996892908880627e-14
1.554898309190957263e-14
1.548743836659266458e-14
1.539321743642483441e-14
1.531518225386762655e-14
1.529378605223131702e-14
1.524179394580090641e-14
1.516013774998133305e-14
1.512385958884686252e-14
1.498743598785371494e-14
1.492730439832841498e-14
1.484966451700743561e-14
1.476710181263299618e-14
1.472942415861515810e-14
1.466041255750955572e-14
1.458911872290893261e-14
1.452895368474144973e-14
1.436172053198183562e-14
1.421132402594773830e-14
1.380365542395178292e-14
1.364071702601828084e-14
1.343460447616859587e-14
1.335204787040757927e-14
1.313306250455692208e-14
1.293740517780323045e-14
1.277995399298156822e-14
1.266527983776974883e-14
1.238650834738640175e-14
1.205218950818117390e-14
1.181112346196590004e-14
1.179918271871908836e-14
1.136329039235277689e-14
1.127643614609670183e-14
1.074046681542919452e-14
1.067064197161127819e-14
1.049498479319883247e-14
9.941670214512870153e-15
9.547825780992588523e-15
9.227904398790814205e-15
8.516952836727490171e-15
8.279118845020626079e-15
7.999017532541358807e-15
7.087193973870617788e-15
6.588360400595066534e-15
6.039635259495089309e-15
5.620660864096596440e-15
4.851934535782384266e-15
4.050344107633053925e-15
3.819061770962685473e-15
2.611874971403274166e-15
2.537626976087221443e-15
